1,2;27,29;2
2,1;95,3;9,28;5
3,2;10,4;20,27;30
4,3;100,5;100,26;100
5,4;91,6;91,25;91
6,5;23,7;23
7,6;14,8;14
8,7;79,9;79
9,8;91,10;91
10,9;80,11;80
11,10;7,12;7
12,11;21,13;21
13,12;3,14;3,16;3
14,13;93,15;93
15,268;26
16,13;78,14;78,17;78
17,16;86,18;86,19;86,41;86
18,17;13
19,17;38,20;38,40;38
20,21;25,19;25,39;25
21,20;41,22;41,38;41
22,21;38,23;38,37;38
23,24;46,22;46,36;46
24,25;47,23;47,35;47
25,26;50,24;50,34;50
26,27;86,25;86,33;86
27,28;35,26;35,32;35
28,29;99,27;99,31;99
29,1;2,30;3
30,29;8,31;82
31,30;33,28;1,32;11
32,31;64,27;64,33;64
33,32;96,26;96,34;96
34,33;92,25;92,35;92
35,34;27,24;27,36;27
36,35;81,23;81,37;81
37,36;57,22;57,38;57
38,37;31,21;31,39;31
39,38;79,20;79,40;79
40,39;83,19;83,41;83
41,40;12,17;12,42;12
42,43;26,270;26
43,42;73,44;73
44,43;63,45;63
45,44;40
46,45;61
47,46;53
48,47;95
49,48;47
50,49;7
51,270;10,53;10,322;10,52;10,55;10
52,51;63,322;63,53;63,55;63,320;63
53,54;65
54,57;44
55,56;91
56,57;52
57,54;44,56;44
58,57;16,59;16,60;16,64;16
59,58;51,60;51,62;51,61;51
60,59;65,58;65,61;65,62;65,64;65
61,60;51,62;51,59;51,64;51,63;51
62,59;81,61;81,60;81
63,64;67,66;67
64,63;97,65;97,67;97,60;97
65,64;77,67;77
66,63;91,68;91,67;91
67,66;16,68;16,64;16
68,67;67,69;67
69,70;99,68;99
70,69;47,71;47
71,82;61,70;61
72,52;14,73;14
73,72;30,74;30
74,73;48,75;48
75,74;77,76;77
76,75;23,77;23
77,76;66,78;66
78,77;73,79;73
79,78;7,80;7
80,79;54,81;54
81,80;50,82;50
82,75;10
83,71;34
84,83;19
85,84;66,86;66
86,85;57
87,88;4
88,87;62,89;62
89,88;80,191;80
90,91;29
91,90;87,92;87,93;87,94;87
92,95;95
93,96;81
94,97;17
95,98;75
96,99;62
97,100;70
98,102;20,101;20
99,98;28,100;28,101;28
100,99;7,120;7
101,99;87,119;87
102,98;78,103;78,109;78
103,102;35,108;35,104;35
104,103;70,105;70
105,104;20,106;20
106,105;17,107;17
107,106;22,108;22
108,109;91,107;91
109,102;52,112;52
110,107;74,111;74
111,110;55,112;55
112,109;20,111;20
113,116;95,114;95
114,115;73,113;73
115,114;49,117;49
116,113;4,112;4
117,118;2,119;2
118,117;27
119,101;5
120,100;42,123;42,121;42
121,120;64,122;64
122,121;10,190;10
123,120;12,127;12
124,123;23,125;23
125,124;47,126;47
126,125;78
127,128;13,141;13
128,129;40,127;40
129,128;56,130;56
130,129;45,131;45
131,130;63,132;6333,135;63
132,131;66,133;66,129;66,138;66
133,132;14,134;14,128;14,139;14
134,133;41,157;41,158;41,140;41
135,131;96,136;96
136,135;56,137;56,177;56
137,136;26,179;26
138,132;38,139;38,136;38
139,138;46,140;46,133;46
140,139;61,159;61,134;61
141,157;64,127;64,142;64
142,141;42,158;42,149;42
143,142;29,158;29
157,141;89,135;89
158,143;76,159;76
159,140;30,158;30,160;30
160,159;33,162;33,161;33
161,160;36,163;36
162,160;60
163,176;79,161;79
164,169;89
165,170;73
166,171;19
167,172;27
168,173;18
169,175;83,174;83
170,175;90
171,175;75
172,175;32
173,175;56
174,282;21,313;21
175,282;18,313;18
176,163;91
177,178;79,136;79
178,177;27
179,137;89,180;89
180,179;62,181;62
181,180;37,182;37
182,181;53,183;53
183,182;76,285;76,310;76
184,185;40,285;40
185,184;4,186;4
186,185;70,187;70
187,186;97,188;97
188,187;1,189;1
189,188;47
190,122;54
191,89;41,192;41
192,191;42,193;42
193,192;79,194;79
194,193;62,195;62
195,194;89,196;89
196,195;42,197;42
197,198;2
198,197;71,180;71
199,200;19,302;19,212;19
200,199;70,203;70,201;70,211;70
201,200;53,202;53
202,201;5
203,200;78,211;78
204,203;35,209;35
205,204;27,208;27,206;27
206,205;75,207;75
207,206;13
208,205;84,229;84
209,229;8,204;8,210;8
210,209;51,211;51
211,210;54,203;54,212;54
212,211;14,301;14,199;14,302;14
213,214;52
214,213;25,215;25
215,214;31,216;31
216,215;34,217;34
217,216;81,218;81
218,217;19,219;19
219,218;7,220;7
220,219;15,221;15
221,220;68,288;68
222,288;3,229;3,231;3
223,232;38,238;38
224,238;4,225;4
225,224;42,226;42
226,225;12,252;12
227,252;47,228;47
228,254;56,299;56,405;56
229,208;95,209;95
230,231;72
231,232;29,222;29
232,231;16,223;16
233,231;74,234;74
234,236;19
235,236;28
236,237;21
237,236;9,238;9
238,237;1,241;1
239,235;63,240;63
240,239;34,245;34
241,247;87,251;87
242,245;25,244;25
243,247;91
244,242;26,248;26
245,240;59,246;59,242;59
246,245;85,247;85
247,243;94,251;94
248,244;44,249;44
249,248;6,250;6
250,249;61,253;61
251,253;10
252,226;68,227;68
253,255;46,251;46
254,255;58,292;58
255,253;3,254;3
256,257;21,263;21,266;21
257,256;89,258;89
258,259;66,257;66
259,258;8,260;8
260,259;33,244;33,261;33
261,260;61,264;61,262;61
262,261;47,263;47
263,262;86,256;86,266;86
264,261;76,265;76
265,264;40,266;40
266,265;88,263;88
267,268;51
268,15;51,236;51
269,42;98,325;98
270,51;30,322;30,324;30
271,278;64
278,279;27
279,90;37,280;37,315;37
280,281;25
281,174;15,175;15
282,283;48
283,284;14
284,183;64,310;64
285,184;20,286;20
286,287;64
287,305;14,307;14,395;14
288,221;74,222;74
290,289;68
291,290;9
292,291;10
294,293;50
295,294;7
296,295;69
297,296;29
298,297;95
299,228;93
300,298;45
301,300;65
302,199;23
303,302;1
304,303;49
305,304;90
306,307;89
307,308;7
308,309;48
309,310;46
310,311;62
311,312;12
312,313;73
313,314;99
314,315;34
315,316;58
316,317;13
317,318;5
318,321;60
319,271;35
320,319;59
321,323;56
322,320;50
323,324;53,51;53,52;53
324,51;85,52;85,325;85
325,326;50
326,327;21
328,306;63
329,328;79
330,329;18
331,330;83
332,331;85
333,332;62
334,333;83
335,338;78
336,335;13
337,338;2
338,389;89
339,336;16
340,387;18
341,388;81
342,341;53
343,342;13
344,343;49
345,344;18
346,345;1,382;1,347;1
347,382;45
348,382;76,346;76,379;76
349,348;36
350,349;79
351,350;51
352,351;92
353,352;65
354,353;93
355,354;77
356,355;75
357,354;90
358,357;79
359,366;29
360,365;43
361,364;30
362,363;72
363,370;93
364,369;68
365,368;97
366,367;77
367,371;23
368,371;100
369,372;52
370,372;7
371,372;39,373;39,353;39
372,373;31,352;31
373,351;19,352;19
374,373;29,351;29
375,583;37
376,375;96,373;96
377,376;19
378,377;29
379,378;44
380,379;34
381,495;32
382,381;58
383,381;88
384,383;36
385,384;18
386,385;36
387,386;77
388,387;43
389,388;22
390,337;90
391,390;68
392,391;90
393,392;48
394,393;16
395,394;26
396,395;27,307;27
397,396;35
398,397;2
399,398;85
400,399;68,302;68
401,400;7
402,401;63
403,402;31
404,405;25,403;25
405,403;86,412;86
406,404;92,410;92
407,406;30
408,407;88
409,407;29
410,411;50
411,462;16
412,462;57
413,296;97
414,403;19
415,414;2,413;2
416,415;21
417,416;74
418,417;89
419,418;83
420,419;41
421,420;100
422,421;26
423,422;83,848;83
424,463;62
425,424;10,422;10,848;10
426,425;87
427,426;97
428,886;55
429,428;23
430,429;38,961;38
431,923;42
432,528;17,431;17
433,618;83
434,433;59,548;59,431;59
435,434;23
436,435;4,444;4,445;4
437,436;60,435;60,445;60
438,437;64,443;64,442;64
439,952;64
441,953;52
442,438;93,441;93
443,441;78,929;78,943;78
444,443;24
445,444;65,446;65
446,445;62,444;62
447,446;85
448,527;4,433;4,529;4
449,899;27
450,449;36
451,450;99
452,885;21
453,452;55
454,453;92
455,848;51,424;51,454;51
456,455;77
457,456;99
458,457;20
459,458;13
460,459;2
461,460;71
462,461;7
463,464;18
464,465;52
465,466;51
466,1379;15
467,999;69
468,469;94
469,470;28
470,471;67
471,472;45
472,473;2
473,474;10
474,475;29
475,476;15
476,718;70,477;70
477,719;88,718;88,720;88
478,720;29
479,511;91
480,510;43
481,482;64
482,483;49
483,484;98
484,1397;78
485,486;79
487,488;34
488,489;14
489,490;7
490,1037;55,1138;55
491,492;56
492,493;74
493,494;4
494,493;79
495,496;66
497,498;38
498,1139;41
499,500;27
500,501;98
501,502;41
502,503;56
503,504;100
504,1396;85
505,506;86
506,507;34
507,508;74
508,509;60
509,508;25
510,511;6,477;6
511,512;91,477;91
512,477;58,513;58
513,514;37
514,515;13
515,516;53
516,517;62
517,518;22
518,519;52
519,520;14
520,521;48
521,522;72
522,1378;73
523,524;33
524,1091;48
525,526;3
526,423;28
527,529;92
528,431;26,527;26,433;26
529,530;17
530,531;9
531,532;4
532,533;3
533,534;72
534,535;34
535,541;6
536,542;54
537,538;63
538,539;87
539,540;94
540,536;18
541,537;24
542,543;42
543,544;23
544,545;84
545,546;92
546,547;29
547,548;69
548,447;88
549,432;38
550,549;15
551,550;50
552,551;63
553,552;94
554,1011;86,553;86
555,554;76
556,555;61
557,556;40
558,557;99
559,558;32
560,559;1
561,1019;53
562,561;8
563,562;5
564,833;52
565,564;69
567,566;51
568,567;31
569,568;80
570,569;76
571,570;34
572,571;35
573,572;30
574,573;53
575,574;21
576,575;44
577,576;64
578,577;3
579,578;62
580,579;98
581,580;58
582,581;53
583,582;1
584,374;18
585,584;96
586,585;40
587,586;64
588,587;65
589,588;47
590,1158;62,589;62
591,590;93
592,591;97
593,592;73
594,593;68
595,594;2
596,595;11
597,596;83
598,597;6
599,598;78
600,599;64
601,600;47
602,601;16
603,602;23
604,742;46,744;46,746;46,748;46,750;46,752;46,754;46,756;46,758;46,818;46
605,604;96
606,605;11
607,606;99
608,607;71
609,608;6
610,978;75,609;75
611,610;33
612,611;91
613,612;7
614,613;60
615,614;65
616,615;85
617,616;84
618,617;13
619,620;12
620,621;40
621,622;23
622,705;95,623;95
623,624;69
624,625;45
625,626;66
626,627;87
627,628;47
628,629;27
629,631;93,630;93
630,788;95
631,632;94
632,633;66
633,634;52
634,635;49
635,644;46,643;46
636,637;26
637,638;35
638,639;39
639,640;74
640,1171;68
641,642;6
642,643;69
643,644;28
644,645;95
645,646;83
646,647;56
647,648;79
648,791;63,792;63,793;63,794;63,795;63,796;63,797;63,798;63
649,650;77
650,651;77,672;77
651,652;30
652,653;85
653,654;43
654,655;79
655,656;78
656,657;84
657,658;72
658,659;84
659,660;90
660,661;6
661,662;84
662,663;37
663,664;77
664,663;100
665,666;17
666,667;84
667,668;93
668,669;33
669,670;2
671,672;10,649;10
672,673;78
673,674;87
674,675;31
675,639;28
676,782;92
677,678;86,684;86
678,679;37,685;37
679,680;67,686;67
680,681;90,687;90
681,682;41,688;41
682,683;100,689;100
683,690;22
684,691;53
685,692;88
686,693;26
687,694;58
688,695;56
689,696;60
690,697;28
698,716;44
699,698;99
700,699;23
701,700;89
702,701;72
703,702;23
704,703;60
705,704;44
706,707;4
707,708;28
708,709;28
709,710;13
710,711;17
711,712;90
712,713;23
713,714;42
714,715;51
715,717;41
716,697;14
717,698;27
718,721;7
719,722;88
720,723;6
721,724;57
722,725;40
723,726;79
724,727;66
725,730;66
726,731;37
727,728;65
728,729;39
729,736;36,563;36
730,732;89
731,733;39
732,734;39,729;39
733,735;62,734;62
734,729;28,745;28
735,739;81,734;81
736,737;91,563;91
737,742;50,744;50,746;50,748;50,750;50,752;50,754;50,756;50,758;50,760;50
738,740;35,737;35,741;35
739,741;65
740,737;79
741,760;35
742,743;62
743,771;42
744,745;79
745,770;46
746,747;99
747,769;52
748,749;22
749,768;38
750,751;61
751,767;69
752,753;10
753,766;63
754,755;25
755,765;21
756,757;11
757,764;93
758,759;83
759,763;37
760,761;37
761,762;56
762,722;3
763,773;52
764,774;77
765,775;89
767,777;86
768,778;58
769,779;44
770,780;60
771,781;78
772,773;49,784;49
773,774;32,784;32,772;32
774,775;31,773;31,783;31
775,776;25,774;25,783;25
776,777;88,775;88,783;88
777,778;56,776;56,783;56
778,779;31,777;31,676;31
779,780;91,778;91,676;91
780,781;94,779;94,676;94
781,780;93,782;93
782,676;96,677;96
783,676;19,784;19
784,783;37,787;37,619;37
785,620;50
786,787;52,788;52
787,788;85,791;85,792;85,793;85
788,787;69,794;69,795;69,796;69,797;69,789;69,798;69
789,788;6,648;6
790,789;52,648;52
791,792;43,799;43
792,791;84,793;84,800;84
793,792;79,794;79,802;79
794,793;92,795;92,803;92
795,794;30,796;30,804;30
796,795;60,797;60,805;60
797,796;71,798;71,806;71
798,797;72,807;72
799,809;42
800,810;88
801,811;84
802,812;20
803,813;74
804,814;74
805,815;92
806,816;5
807,817;48
808,813;23
809,808;61,819;61
810,820;8
811,821;50
812,822;43
813,824;64,823;64
814,824;8
815,825;59
816,825;5,826;5
817,826;6
818,827;74
819,827;18
820,828;39
821,828;20
822,829;64
823,829;17
824,830;92
825,830;21
826,602;58
827,831;78
828,832;54
829,832;46
830,833;67,603;67
831,834;58
832,834;76
833,835;94
834,836;89
835,837;62
836,838;42
837,839;34
838,840;86
839,841;45
840,842;74
841,843;15,844;15
842,843;9,844;9
843,846;99,844;99
844,847;42
845,479;50
846,480;63
847,481;16
848,454;61,422;61,424;61
849,848;52,867;52
850,849;42
851,850;39,865;39,852;39
852,853;93,851;93
853,852;36,854;36
854,856;47,853;47
855,856;79,851;79
856,854;19,859;19,855;19
857,858;26,850;26,865;26
858,859;68,857;68
859,860;77,856;77
860,859;49,861;49
861,862;28,860;28
862,861;98,868;98,869;98
863,864;66,863;66
864,857;83,865;83
865,866;79
866,867;68
867,454;54,848;54
868,857;19
869,863;81,862;81,870;81
870,869;28,871;28,874;28
871,870;85,872;85
872,871;66,878;66,865;66,873;66
873,872;55
874,870;8,875;8,877;8
875,874;29,880;29,876;29
876,875;94
877,874;37,878;37
878,872;12,881;12,879;12
879,878;23
880,875;35,881;35,882;35
881,882;8,878;8
882,884;34
883,882;46
884,885;48
885,886;19,451;19
886,452;84,427;84
887,896;64,451;64
888,889;32,896;32
889,888;34,890;34
890,891;34,889;34
891,890;23,892;23
892,891;92,893;92
893,892;98,894;98
894,893;35,895;35
895,894;14
896,887;6,897;6
897,449;67
898,430;90
899,922;66,900;66
900,901;64,921;64,903;64
901,902;90
902,903;5
903,904;97,920;97
904,905;100
905,906;48
906,907;1
907,908;79
908,909;69
909;910;8
910,911;24
911,912;12
912,913;40
913,914;13
914,915;91
915,916;42
916,917;11
917,918;62
918,919;57
919,920;7
920,921;19
921,922;55
922,448;97,923;97
923,898;89,899;89
924,445;93,925;93
925,924;38,926;38
926,925;34,927;34
927,926;79,928;79
928,927;18,927;18
929,930;39
930,931;33
931,932;62
932,933;81
933,934;81
934,935;50
935,936;74
936,937;71
937,938;85
938,939;68
939,940;84
940,941;21
941,942;43
942,943;57
943,441;30,929;30
944,436;40,945;40
945,944;9,946;9
946,945;71,947;71
947,946;55
948,949;88
949,948;20,950;20
950,945;52,949;52,951;52
951,950;65
952,439;79,442;79,953;79
953,440;40,441;40
954,955;81
955,954;3,956;3
956,955;42,957;42
957,958;53,956;53
958,957;22
959,960;28
960,959;31,961;31
961,960;95,972;95
962,963;98,961;98
963,962;99,964;99
964,963;4,965;4
965,964;95,966;95
966,965;37
967,968;5
968,967;87,969;87
969,970;74,968;74
970,971;46,969;46
971,970;61,972;61
972,961;24,973;24
973,972;78
974,973;21,975;21
975,974;88,976;88
976,975;76,977;76
977,976;2
978,979;91
979,980;13,996;13,981;13
980,981;78
981,980;26
982,983;14
983,984;29,985;29
984,983;67
985,983;17,986;17
986,987;10
987,988;2,986;2
988,989;7,982;7
989,994;15,990;15
990,991;26,989;26
991,992;100,990;100
992,993;98,991;98
993,992;82,997;82
994,995;83
995,996;43
996,997;69
997,998;71
998,609;43
999,1000;88
1000,1033;95,1001;95
1001,1033;12,1002;12,1007;12
1002,1003;62,1001;62
1003,1002;46,1004;46
1004,1005;29,1003;29
1005,1006;97,1004;97
1006,1005;61
1007,1008;44,1032;44
1008,1014;9,1009;9
1009,1013;28,1010;28
1010,1012;86,1011;86
1011,613;90,553;90
1012,1010;60,1013;60
1013,1009;28,1014;28
1014,1008;5,1015;5,1032;5
1015,1014;28,1016;28
1016,1017;29,1026;29
1017,1023;89,1016;89,1018;89
1018,1017;54,1020;54
1019,1018;82
1020,1018;18
1021,1018;83,1021;83
1022,1021;75,1022;75,1023;75
1023,1022;12,1017;12
1024,1027;17,1022;17,1025;17
1025,1024;83,1026;83
1026,1030;8,1016;8
1027,1028;77,1024;77
1028,1027;58,1029;58
1029,1028;96,1030;96
1030,1029;93,1030;93,1026;93
1031,1030;59,1032;59
1032,1033;2,1031;2
1033,1001;74,1036;74
1034,1035;75,1029;75
1035,1034;49,1033;49
1036,468;42
1037,1068;3
1038,1039;23
1039,1040;43
1040,1041;9,1054;9
1041,1054;23,1042;23
1042,1043;41
1043,1049;78,1044;78
1044,1045;98
1045,1046;96
1046,1047;48
1047,1048;43
1049,1048;88
1050,1051;5
1051,1052;39,1053;39
1052,1055;82
1053,1054;14
1054,1041;35,1056;35
1055,1056;3
1056,1054;78,1063;78
1057,1054;59,1058;59
1058,1057;73,1059;73,1061;73
1059,1058;83,1062;83
1060,1061;62
1061,1058;41,1060;41,1062;41
1062,1059;11,1069;11,1067;11
1063,1056;17,1064;17
1064,1063;65,1065;65
1065,1064;3,1066;3
1066,1065;26,1067;26
1067,1062;46,1070;46
1068,1069;57
1069,1062;99,1070;99,1081;99
1070,1071;99,1067;99,1081;99
1071,1070;19,1072;19
1072,1071;50,1073;50
1073,1072;79,1074;79
1074,1073;6,1075;6
1075,1074;90,1076;90
1076,1075;67,1077;67
1077,1078;27,1076;27
1078,1077;15,1079;15
1079,1078;43,1080;43
1080,1081;47,1088;47
1081,1082;69
1082,1083;88
1083,1138;40
1084,1077;36,1085;36
1085,1084;7,1086;7
1086,1085;36,1087;36
1087,1086;2,1088;2
1088,1081;45,1089;45
1089,1088;37,1081;37,1080;37,1090;37
1090,1138;47,1089;47
1091,1092;70
1092,1093;76
1093,1103;50,1094;50
1094,1095;34
1095,1096;41
1096,1097;38
1097,1101;94
1098,1099;22
1099,1101;48
1101,1102;7
1102,1100;18,1103;18
1103,1102;47,1110;47,1104;47
1104,1105;6
1105,1106;52
1106,525;77
1107,525;34
1108,1107;94
1109,1108;89,1111;89
1110,1103;10,1109;10
1111,1112;68,1109;68
1112,1111;91,1113;91
1113,1112;100,1114;100
1114,1113;99,1115;99
1115,1116;84,1121;84
1116,1115;50,1117;50
1117,1116;62,1109;62
1118,1110;83,1119;83
1119,1118;55,1120;55
1120,1119;16,1121;16
1121,1115;22,1120;22,1122;22
1122,1121;91,1123;91,1128;91
1123,1122;74,1124;74
1124,1123;99,1125;99
1125,1124;93,1126;93
1126,1125;54,1127;54
1127,1126;11,1128;11
1128,1129;20,1133;20
1129,1128;85,1130;85,1132;85
1130,1129;48,1131;48
1131,1130;63,1132;63
1132,1129;51,1131;51,1133;51
1133,1128;88,1132;88,1123;88
1134,1124;49,1135;49
1135,1134;70,1136;70
1136,1135;81,1137;81
1137,1136;62,1100;62
1138,491;36
1139,499;60,1140;60
1140,1141;17,499;17,1138;17
1141,1140;1,1142;1
1142,1141;18,1143;18,1146;18
1143,1142;38,1144;38,1148;38
1144,1143;97,1145;97
1145,1144;23,1141;23
1146,1142;22,1147;22
1147,1146;56,1148;56
1148,1147;50,1143;50
1149,1147;1,1150;1
1150,1149;37,1151;37
1151,1150;91,1152;91
1152,1151;58,1153;58
1153,1154;50,1152;50
1154,1153;10,1155;10
1155,1154;96,1156;96
1156,1149;8,1157;8
1157,1156;62
1158,1161;39,1159;39
1159,1162;28,1158;28
1160,1159;74,1163;74
1161,1158;51,1162;51
1162,1159;38,1163;38,1161;38
1163,1162;72,1160;72
1164,1163;83,1166;83,1173;83
1165,1173;2
1166,1164;75,1177;75,1172;75
1167,1172;86,1168;86
1168,1167;5,1169;5
1169,1168;61,1170;61
1170,1169;12,1171;12
1171,1174;22,1170;22
1172,1166;61,1174;61
1173,1166;10,1165;10
1174,1172;93,1171;93,1175;93
1175,1174;72,1176;72
1176,1175;55,1178;55,1184;55
1178,1176;37,1179;37
1179,1160;47,1189;47,1180;47
1180,1179;75,1181;75
1181,1180;63,1182;63
1182,1181;90,1183;90
1183,1193;12,1191;12,1182;12
1184,1176;55,1185;55
1185,1188;26,1186;26
1186,1185;34,1188;34
1187,1186;14,1191;14
1188,1185;16,1186;16,1184;16
1189,1190;91,1179;91
1190,1191;59,1189;59
1191,1183;16,1187;16
1192,1191;63,1187;63
1193,1183;25
1194,1195;76
1195,1196;75,1240;75
1196,1198;69,1197;69
1197,1196;16
1198,1199;55,1204;55
1199,1201;79,1198;79
1200,1197;100,1201;100
1201,1200;42,1199;42,1202;42
1202,1201;4,1206;4
1203,1302;75,1304;75
1204,1205;46
1205,1209;6,1207;6
1206,1202;42,1203;42
1207,1205;29,1208;29
1208,1207;78,1209;78
1209,1208;73,1210;73
1210,1211;79
1211,1212;89
1212,1213;62
1213,1214;77
1214,1215;11
1215,1216;74
1216,1217;31
1217,1218;22
1218,1219;95
1220,1221;83
1221,1222;24
1222,1223;40
1223,1224;46
1224,1225;58
1225,1226;38
1226,1227;32
1227,1228;55
1228,1230;19
1229,1220;87
1230,1231;15
1231,1232;71
1232,1233;11
1233,1234;90
1234,1235;86
1236,1237;18
1237,1238;18
1238,1239;96
1239,1241;19,1240;19
1240,1241;9
1241,345;11
1242,1239;48
1243,1244;80,1240;80
1244,1245;69
1245,1246;39
1246,1247;96
1247,1248;92
1248,1249;49
1249,1229;13
1250,1315;21
1251,1252;79,1250;79
1252,1253;36,1314;36
1253,1254;67,1312;67
1254,1279;60,1255;60
1255,1277;47,1256;47
1256,1275;39,1257;39
1257,1273;63,1258;63
1258,1269;36,1259;36
1259,1265;84,1260;84
1260,1261;44
1261,1260;88
1262,1261;56
1263,1262;53
1264,1263;51,1268;51
1265,1266;25
1266,1267;34
1267,1268;39
1268,1281;83
1269,1258;46,1270;46
1270,1271;2
1271,1272;86
1272,1268;49
1273,1274;13
1274,1270;61
1275,1276;40
1276,1274;66
1277,1278;89
1278,1276;60
1279,1280;82
1280,1278;92
1281,1284;53,1282;53
1282,1283;43,1281;43
1283,1282;70,667;70
1284,1281;96
1285,1290;78,1286;78
1286,1285;56,1287;56
1287,1288;99,1286;99
1288,1287;66,1289;66
1289,1288;78
1290,1291;88,1285;88
1291,1290;45
1292,1293;89,1290;89
1293,1292;37,1294;37
1294,1293;81,1295;81
1295,1294;87,1296;87
1296,1295;79,1297;79
1297,1296;12,1298;12,1301;12
1298,1297;65,1299;65
1299,1298;37,1300;37
1301,1297;3,1302;3,1305;3
1302,1301;38,1203;38
1303,1302;76,1304;76
1304,1307;91,1300;91,1203;91
1305,1301;53,1309;53,1306;53
1306,1305;16,307;16
1307,1308;43,1304;43
1308,1309;63,1307;63
1309,1305;80,1308;80
1310,1311;56,1309;56
1311,1310;68,1312;68
1312,1313;54,1311;54
1313,1312;25,1314;25
1314,356;13,358;13
1315,1324;87
1316,1315;73
1317,1316;46
1318,1317;21
1319,1318;58
1320,1319;90
1321,1320;17,1322;17
1322,1319;98,1316;98,1324;98
1323,1321;90
1324,1323;32,1322;32
1325,1326;9
1326,1361;74
1327,1328;10
1328,1329;71
1329,1330;7
1330,1331;88
1331,1332;19
1332,1333;62,1358;62
1333,1334;27,1332;27
1334,1333;74,1335;74
1335,1336;73,1334;73
1336,1335;50,1342;50,1337;50
1337,1336;29,1338;29
1338,1337;29,1339;29
1339,1338;34,1345;34
1340,1332;98,1341;98
1341,1340;91,1342;91
1342,1336;29,1354;29,1343;29
1343,1342;71,1344;71
1344,1345;30,1352;30
1345,1339;34,1344;34,1346;34
1346,1345;37,1347;37
1347,1346;93,1348;93
1348,1347;7,1349;7
1349,1348;87,1350;87,1375;87
1350,1349;73,1351;73
1351,1350;9,1352;9
1352,1344;92,1371;92
1353,1352;43,1354;43
1354,1353;22,1342;22,1356;22
1355,1354;45,1356;45
1356,1355;25,1367;25,1357;25
1357,1356;8,1358;8
1358,1357;59,1359;59
1359,1360;45,1362;45
1360,1362;60
1361,1327;78
1362,1363;11
1363,1364;9
1364,505;51,1397;51
1365,1366;50,1360;50
1366,1365;36,1367;36,1391;36
1367,1366;38,1356;38
1368,1369;26,1367;26
1369,1368;77,1389;77
1370,1369;64,1388;64
1371,1352;28,1372;28
1372,1371;44,1387;44
1373,1372;43,1374;43
1374,1372;99,1375;99
1375,1349;96,1374;96
1376,1375;96,1380;96,1377;96
1377,1376;86,1378;86
1378,523;26
1379,467;85
1380,1376;54,1381;54
1381,1380;25,1382;25
1382,1386;36,1387;36
1383,1384;94
1384,1383;71,1385;71
1385,1384;8,1386;8
1386,1385;89,1382;89
1387,1382;76,1381;76
1388,1387;97,1389;97
1389,1399;66,1369;66,1390;66
1390,1389;24,1398;24,1392;24
1391,1366;10,1390;10,1392;10
1392,1398;50,1402;50,1393;50,1391;50
1393,1392;26,1394;26
1394,1393;10,1360;10,1395;10
1395,1364;97
1396,1325;47
1397,485;62,1396;62
1398,1390;81,1399;81,1369;81
1399,1389;51,1400;51
1400,1403;61,1401;61,1399;61
1401,1400;31,1398;31,1402;31
1402,1401;31,1392;31
1403,1404;68,1400;68
1404,1403;67,1405;67
1405,1404;19,1406;19
1406,517;62