0
1,2,29
2,1,3,28
3,2,4,27
4,3,5,26
5,4,6,25
6,5,7
7,6,8
8,7,9
9,8,10
10,9,11
11,10,12
12,11,13
13,12,14,16
14,13,15
15,268
16,13,14,17
17,16,18,19,41
18,17
19,17,20,40
20,21,19,39
21,20,22,38
22,21,23,37
23,24,22,36
24,25,23,35
25,26,24,34
26,27,25,33
27,28,26,32
28,29,27,31
29,1,30
30,29,31
31,30,28,32
32,31,27,33
33,32,26,34
34,33,25,35
35,34,24,36
36,35,23,37
37,36,22,38
38,37,21,39
39,38,20,40
40,39,19,41
41,40,17,42
42,43,270
43,42,44
44,43,45
45,44
46,45
47,46
48,47
49,48
50,49
51,270,53,322,52,55
52,51,322,53,55,320
53,54
54,57
55,56
56,57
57,54,56
58,57,59,60,64
59,58,60,62,61
60,59,58,61,62,64
61,60,62,59,64,63
62,59,61,60
63,64,66
64,63,65,67,60
65,64,67
66,63,68,67
67,66,68,64
68,67,69
69,70,68
70,69,71
71,82,70
72,52,73
73,72,74
74,73,75
75,74,76
76,75,77
77,76,78
78,77,79
79,78,80
80,79,81
81,80,82
82,75
83,71
84,83
85,84,86
86,85
87,88
88,87,89
89,88,191
90,91
91,90,92,93,94
92,95
93,96
94,97
95,98
96,99
97,100
98,102,101
99,98,100,101
100,99,120
101,99,119
102,98,103,109
103,102,108,104
104,103,105
105,104,106
106,105,107
107,106,108
108,109,107
109,102,112
110,107,111
111,110,112
112,109,111
113,116,114
114,115,113
115,114,117
116,113,112
117,118,119
118,117
119,101
120,100,123,121
121,120,122
122,121,190
123,120,127
124,123,125
125,124,126
126,125
127,128,141
128,129,127
129,128,130
130,129,131
131,130,13233,135
132,131,133,129,138
133,132,134,128,139
134,133,157,158,140
135,131,136
136,135,137,177
137,136,179
138,132,139,136
139,138,140,133
140,139,159,134
141,157,127,142
142,141,158,149
143,142,158
144
145
146
147
148
149
150
151
152
153
154
155
156
157,141,135
158,143,159
159,140,158,160
160,159,162,161
161,160,163
162,160
163,176,161
164,169
165,170
166,171
167,172
168,173
169,175,174
170,175
171,175
172,175
173,175
174,282,313
175,282,313
176,163
177,178,136
178,177
179,137,180
180,179,181
181,180,182
182,181,183
183,182,285,310
184,185,285
185,184,186
186,185,187
187,186,188
188,187,189
189,188
190,122
191,89,192
192,191,193
193,192,194
194,193,195
195,194,196
196,195,197
197,198
198,197,180
199,200,302,212
200,199,203,201,211
201,200,202
202,201
203,200,211
204,203,209
205,204,208,206
206,205,207
207,206
208,205,229
209,229,204,210
210,209,211
211,210,203,212
212,211,301,199,302
213,214
214,213,215
215,214,216
216,215,217
217,216,218
218,217,219
219,218,220
220,219,221
221,220,288
222,288,229,231
223,232,238
224,238,225
225,224,226
226,225,252
227,252,228
228,254,299,405
229,208,209
230,231
231,232,222
232,231,223
233,231,234
234,236
235,236
236,237
237,236,238
238,237,241
239,235,240
240,239,245
241,247,251
242,245,244
243,247
244,242,248
245,240,246,242
246,245,247
247,243,251
248,244,249
249,248,250
250,249,253
251,253
252,226,227
253,255,251
254,255,292
255,253,254
256,257,263,266
257,256,258
258,259,257
259,258,260
260,259,244,261
261,260,264,262
262,261,263
263,262,256,266
264,261,265
265,264,266
266,265,263
267,268
268,15,236
269,42,325
270,51,322,324
271,278
278,279
279,90,280,315
280,281
281,174,175
282,283
283,284
284,183,310
285,184,286
286,287
287,305,307,395
288,221,222
289
290,289
291,290
292,291
293
294,293
295,294
296,295
297,296
298,297
299,228
300,298
301,300
302,199
303,302
304,303
305,304
306,307
307,308
308,309
309,310
310,311
311,312
312,313
313,314
314,315
315,316
316,317
317,318
318,321
319,271
320,319
321,323
322,320
323,324,51,52
324,51,52,325
325,326
326,327
327
328,306
329,328
330,329
331,330
332,331
333,332
334,333
335,338
336,335
337,338
338,389
339,336
340,387
341,388
342,341
343,342
344,343
345,344
346,345,382,347
347,382
348,382,346,379
349,348
350,349
351,350
352,351
353,352
354,353
355,354
356,355
357,354
358,357
359,366
360,365
361,364
362,363
363,370
364,369
365,368
366,367
367,371
368,371
369,372
370,372
371,372,373,353
372,373,352
373,351,352
374,373,351
375,583
376,375,373
377,376
378,377
379,378
380,379
381,495
382,381
383,381
384,383
385,384
386,385
387,386
388,387
389,388
390,337
391,390
392,391
393,392
394,393
395,394
396,395,307
397,396
398,397
399,398
400,399,302
401,400
402,401
403,402
404,405,403
405,403,412
406,404,410
407,406
408,407
409,407
410,411
411,462
412,462
413,296
414,403
415,414,413
416,415
417,416
418,417
419,418
420,419
421,420
422,421
423,422,848
424,463
425,424,422,848
426,425
427,426
428,886
429,428
430,429,961
431,923
432,528,431
433,618
434,433,548,431
435,434
436,435,444,445
437,436,435,445
438,437,443,442
439,952
440
441,953
442,438,441
443,441,929,943
444,443
445,444,446
446,445,444
447,446
448,527,433,529
449,899
450,449
451,450
452,885
453,452
454,453
455,848,424,454
456,455
457,456
458,457
459,458
460,459
461,460
462,461
463,464
464,465
465,466
466,1379
467,999
468,469
469,470
470,471
471,472
472,473
473,474
474,475
475,476
476,718,477
477,719,718,720
478,720
479,511
480,510
481,482
482,483
483,484
484,1397
485,486
487,488
488,489
489,490
490,1037,1138
491,492
492,493
493,494
494,493
495,496
497,498
498,1139
499,500
500,501
501,502
502,503
503,504
504,1396
505,506
506,507
507,508
508,509
509,508
510,511,477
511,512,477
512,477,513
513,514
514,515
515,516
516,517
517,518
518,519
519,520
520,521
521,522
522,1378
523,524
524,1091
525,526
526,423
527,529
528,431,527,433
529,530
530,531
531,532
532,533
533,534
534,535
535,541
536,542
537,538
538,539
539,540
540,536
541,537
542,543
543,544
544,545
545,546
546,547
547,548
548,447
549,432
550,549
551,550
552,551
553,552
554,1011,553
555,554
556,555
557,556
558,557
559,558
560,559
561,1019
562,561
563,562
564,833
565,564
567,566
568,567
569,568
570,569
571,570
572,571
573,572
574,573
575,574
576,575
577,576
578,577
579,578
580,579
581,580
582,581
583,582
584,374
585,584
586,585
587,586
588,587
589,588
590,1158,589
591,590
592,591
593,592
594,593
595,594
596,595
597,596
598,597
599,598
600,599
601,600
602,601
603,602
604,742,744,746,748,750,752,754,756,758,818
605,604
606,605
607,606
608,607
609,608
610,978,609
611,610
612,611
613,612
614,613
615,614
616,615
617,616
618,617
619,620
620,621
621,622
622,705,623
623,624
624,625
625,626
626,627
627,628
628,629
629,631,630
630,788
631,632
632,633
633,634
634,635
635,644,643
636,637
637,638
638,639
639,640
640,1171
641,642
642,643
643,644
644,645
645,646
646,647
647,648
648,791,792,793,794,795,796,797,798
649,650
650,651,672
651,652
652,653
653,654
654,655
655,656
656,657
657,658
658,659
659,660
660,661
661,662
662,663
663,664
664,663
665,666
666,667
667,668
668,669
669,670
671,672,649
672,673
673,674
674,675
675,639
676,782
677,678,684
678,679,685
679,680,686
680,681,687
681,682,688
682,683,689
683,690
684,691
685,692
686,693
687,694
688,695
689,696
690,697
691
692
693
694
695
696
697
698,716
699,698
700,699
701,700
702,701
703,702
704,703
705,704
706,707
707,708
708,709
709,710
710,711
711,712
712,713
713,714
714,715
715,717
716,697
717,698
718,721
719,722
720,723
721,724
722,725
723,726
724,727
725,730
726,731
727,728
728,729
729,736,563
730,732
731,733
732,734,729
733,735,734
734,729,745
735,739,734
736,737,563
737,742,744,746,748,750,752,754,756,758,760
738,740,737,741
739,741
740,737
741,760
742,743
743,771
744,745
745,770
746,747
747,769
748,749
749,768
750,751
751,767
752,753
753,766
754,755
755,765
756,757
757,764
758,759
759,763
760,761
761,762
762,722
763,773
764,774
765,775
767,777
768,778
769,779
770,780
771,781
772,773,784
773,774,784,772
774,775,773,783
775,776,774,783
776,777,775,783
777,778,776,783
778,779,777,676
779,780,778,676
780,781,779,676
781,780,782
782,676,677
783,676,784
784,783,787,619
785,620
786,787,788
787,788,791,792,793
788,787,794,795,796,797,789,798
789,788,648
790,789,648
791,792,799
792,791,793,800
793,792,794,802
794,793,795,803
795,794,796,804
796,795,797,805
797,796,798,806
798,797,807
799,809
800,810
801,811
802,812
803,813
804,814
805,815
806,816
807,817
808,813
809,808,819
810,820
811,821
812,822
813,824,823
814,824
815,825
816,825,826
817,826
818,827
819,827
820,828
821,828
822,829
823,829
824,830
825,830
826,602
827,831
828,832
829,832
830,833,603
831,834
832,834
833,835
834,836
835,837
836,838
837,839
838,840
839,841
840,842
841,843,844
842,843,844
843,846,844
844,847
845,479
846,480
847,481
848,454,422,424
849,848,867
850,849
851,850,865,852
852,853,851
853,852,854
854,856,853
855,856,851
856,854,859,855
857,858,850,865
858,859,857
859,860,856
860,859,861
861,862,860
862,861,868,869
863,864,863
864,857,865
865,866
866,867
867,454,848
868,857
869,863,862,870
870,869,871,874
871,870,872
872,871,878,865,873
873,872
874,870,875,877
875,874,880,876
876,875
877,874,878
878,872,881,879
879,878
880,875,881,882
881,882,878
882,884
883,882
884,885
885,886,451
886,452,427
887,896,451
888,889,896
889,888,890
890,891,889
891,890,892
892,891,893
893,892,894
894,893,895
895,894
896,887,897
897,449
898,430
899,922,900
900,901,921,903
901,902
902,903
903,904,920
904,905
905,906
906,907
907,908
908,909
909,910
910,911
911,912
912,913
913,914
914,915
915,916
916,917
917,918
918,919
919,920
920,921
921,922
922,448,923
923,898,899
924,445,925
925,924,926
926,925,927
927,926,928
928,927,927
929,930
930,931
931,932
932,933
933,934
934,935
935,936
936,937
937,938
938,939
939,940
940,941
941,942
942,943
943,441,929
944,436,945
945,944,946
946,945,947
947,946
948,949
949,948,950
950,945,949,951
951,950
952,439,442,953
953,440,441
954,955
955,954,956
956,955,957
957,958,956
958,957
959,960
960,959,961
961,960,972
962,963,961
963,962,964
964,963,965
965,964,966
966,965
967,968
968,967,969
969,970,968
970,971,969
971,970,972
972,961,973
973,972
974,973,975
975,974,976
976,975,977
977,976
978,979
979,980,996,981
980,981
981,980
982,983
983,984,985
984,983
985,983,986
986,987
987,988,986
988,989,982
989,994,990
990,991,989
991,992,990
992,993,991
993,992,997
994,995
995,996
996,997
997,998
998,609
999,1000
1000,1033,1001
1001,1033,1002,1007
1002,1003,1001
1003,1002,1004
1004,1005,1003
1005,1006,1004
1006,1005
1007,1008,1032
1008,1014,1009
1009,1013,1010
1010,1012,1011
1011,613,553
1012,1010,1013
1013,1009,1014
1014,1008,1015,1032
1015,1014,1016
1016,1017,1026
1017,1023,1016,1018
1018,1017,1020
1019,1018
1020,1018
1021,1018,1021
1022,1021,1022,1023
1023,1022,1017
1024,1027,1022,1025
1025,1024,1026
1026,1030,1016
1027,1028,1024
1028,1027,1029
1029,1028,1030
1030,1029,1030,1026
1031,1030,1032
1032,1033,1031
1033,1001,1036
1034,1035,1029
1035,1034,1033
1036,468
1037,1068
1038,1039
1039,1040
1040,1041,1054
1041,1054,1042
1042,1043
1043,1049,1044
1044,1045
1045,1046
1046,1047
1047,1048
1049,1048
1050,1051
1051,1052,1053
1052,1055
1053,1054
1054,1041,1056
1055,1056
1056,1054,1063
1057,1054,1058
1058,1057,1059,1061
1059,1058,1062
1060,1061
1061,1058,1060,1062
1062,1059,1069,1067
1063,1056,1064
1064,1063,1065
1065,1064,1066
1066,1065,1067
1067,1062,1070
1068,1069
1069,1062,1070,1081
1070,1071,1067,1081
1071,1070,1072
1072,1071,1073
1073,1072,1074
1074,1073,1075
1075,1074,1076
1076,1075,1077
1077,1078,1076
1078,1077,1079
1079,1078,1080
1080,1081,1088
1081,1082
1082,1083
1083,1138
1084,1077,1085
1085,1084,1086
1086,1085,1087
1087,1086,1088
1088,1081,1089
1089,1088,1081,1080,1090
1090,1138,1089
1091,1092
1092,1093
1093,1103,1094
1094,1095
1095,1096
1096,1097
1097,1101
1098,1099
1099,1101
1101,1102
1102,1100,1103
1103,1102,1110,1104
1104,1105
1105,1106
1106,525
1107,525
1108,1107
1109,1108,1111
1110,1103,1109
1111,1112,1109
1112,1111,1113
1113,1112,1114
1114,1113,1115
1115,1116,1121
1116,1115,1117
1117,1116,1109
1118,1110,1119
1119,1118,1120
1120,1119,1121
1121,1115,1120,1122
1122,1121,1123,1128
1123,1122,1124
1124,1123,1125
1125,1124,1126
1126,1125,1127
1127,1126,1128
1128,1129,1133
1129,1128,1130,1132
1130,1129,1131
1131,1130,1132
1132,1129,1131,1133
1133,1128,1132,1123
1134,1124,1135
1135,1134,1136
1136,1135,1137
1137,1136,1100
1138,491
1139,499,1140
1140,1141,499,1138
1141,1140,1142
1142,1141,1143,1146
1143,1142,1144,1148
1144,1143,1145
1145,1144,1141
1146,1142,1147
1147,1146,1148
1148,1147,1143
1149,1147,1150
1150,1149,1151
1151,1150,1152
1152,1151,1153
1153,1154,1152
1154,1153,1155
1155,1154,1156
1156,1149,1157
1157,1156
1158,1161,1159
1159,1162,1158
1160,1159,1163
1161,1158,1162
1162,1159,1163,1161
1163,1162,1160
1164,1163,1166,1173
1165,1173
1166,1164,1177,1172
1167,1172,1168
1168,1167,1169
1169,1168,1170
1170,1169,1171
1171,1174,1170
1172,1166,1174
1173,1166,1165
1174,1172,1171,1175
1175,1174,1176
1176,1175,1178,1184
1178,1176,1179
1179,1160,1189,1180
1180,1179,1181
1181,1180,1182
1182,1181,1183
1183,1193,1191,1182
1184,1176,1185
1185,1188,1186
1186,1185,1188
1187,1186,1191
1188,1185,1186,1184
1189,1190,1179
1190,1191,1189
1191,1183,1187
1192,1191,1187
1193,1183
1194,1195
1195,1196,1240
1196,1198,1197
1197,1196
1198,1199,1204
1199,1201,1198
1200,1197,1201
1201,1200,1199,1202
1202,1201,1206
1203,1302,1304
1204,1205
1205,1209,1207
1206,1202,1203
1207,1205,1208
1208,1207,1209
1209,1208,1210
1210,1211
1211,1212
1212,1213
1213,1214
1214,1215
1215,1216
1216,1217
1217,1218
1218,1219
1220,1221
1221,1222
1222,1223
1223,1224
1224,1225
1225,1226
1226,1227
1227,1228
1228,1230
1229,1220
1230,1231
1231,1232
1232,1233
1233,1234
1234,1235
1236,1237
1237,1238
1238,1239
1239,1241,1240
1240,1241
1241,345
1242,1239
1243,1244,1240
1244,1245
1245,1246
1246,1247
1247,1248
1248,1249
1249,1229
1250,1315
1251,1252,1250
1252,1253,1314
1253,1254,1312
1254,1279,1255
1255,1277,1256
1256,1275,1257
1257,1273,1258
1258,1269,1259
1259,1265,1260
1260,1261
1261,1260
1262,1261
1263,1262
1264,1263,1268
1265,1266
1266,1267
1267,1268
1268,1281
1269,1258,1270
1270,1271
1271,1272
1272,1268
1273,1274
1274,1270
1275,1276
1276,1274
1277,1278
1278,1276
1279,1280
1280,1278
1281,1284,1282
1282,1283,1281
1283,1282,667
1284,1281
1285,1290,1286
1286,1285,1287
1287,1288,1286
1288,1287,1289
1289,1288
1290,1291,1285
1291,1290
1292,1293,1290
1293,1292,1294
1294,1293,1295
1295,1294,1296
1296,1295,1297
1297,1296,1298,1301
1298,1297,1299
1299,1298,1300
1301,1297,1302,1305
1302,1301,1203
1303,1302,1304
1304,1307,1300,1203
1305,1301,1309,1306
1306,1305,307
1307,1308,1304
1308,1309,1307
1309,1305,1308
1310,1311,1309
1311,1310,1312
1312,1313,1311
1313,1312,1314
1314,356,358
1315,1324
1316,1315
1317,1316
1318,1317
1319,1318
1320,1319
1321,1320,1322
1322,1319,1316,1324
1323,1321
1324,1323,1322
1325,1326
1326,1361
1327,1328
1328,1329
1329,1330
1330,1331
1331,1332
1332,1333,1358
1333,1334,1332
1334,1333,1335
1335,1336,1334
1336,1335,1342,1337
1337,1336,1338
1338,1337,1339
1339,1338,1345
1340,1332,1341
1341,1340,1342
1342,1336,1354,1343
1343,1342,1344
1344,1345,1352
1345,1339,1344,1346
1346,1345,1347
1347,1346,1348
1348,1347,1349
1349,1348,1350,1375
1350,1349,1351
1351,1350,1352
1352,1344,1371
1353,1352,1354
1354,1353,1342,1356
1355,1354,1356
1356,1355,1367,1357
1357,1356,1358
1358,1357,1359
1359,1360,1362
1360,1362
1361,1327
1362,1363
1363,1364
1364,505,1397
1365,1366,1360
1366,1365,1367,1391
1367,1366,1356
1368,1369,1367
1369,1368,1389
1370,1369,1388
1371,1352,1372
1372,1371,1387
1373,1372,1374
1374,1372,1375
1375,1349,1374
1376,1375,1380,1377
1377,1376,1378
1378,523
1379,467
1380,1376,1381
1381,1380,1382
1382,1386,1387
1383,1384
1384,1383,1385
1385,1384,1386
1386,1385,1382
1387,1382,1381
1388,1387,1389
1389,1399,1369,1390
1390,1389,1398,1392
1391,1366,1390,1392
1392,1398,1402,1393,1391
1393,1392,1394
1394,1393,1360,1395
1395,1364
1396,1325
1397,485,1396
1398,1390,1399,1369
1399,1389,1400
1400,1403,1401,1399
1401,1400,1398,1402
1402,1401,1392
1403,1404,1400
1404,1403,1405
1405,1404,1406
1406,517