1,2;1,29;1
2,1;1,3;1,28;1
3,2;1,4;1,27;1
4,3;1,5;1,26;1
5,4;1,6;1,25;1
6,5;1,7;1
7,6;1,8;1
8,7;1,9;1
9,8;1,10;1
10,9;1,11;1
11,10;1,12;1
12,11;1,13;1
13,12;1,14;1,16;1
14,13;1,15;1
15,268;1
16,13;1,14;1,17;1
17,16;1,18;1,19;1,41;1
18,17;1
19,17;1,20;1,40;1
20,21;1,19;1,39;1
21,20;1,22;1,38;1
22,21;1,23;1,37;1
23,24;1,22;1,36;1
24,25;1,23;1,35;1
25,26;1,24;1,34;1
26,27;1,25;1,33;1
27,28;1,26;1,32;1
28,29;1,27;1,31;1
29,1;1,30;1
30,29;1,31;1
31,30;1,28;1,32;1
32,31;1,27;1,33;1
33,32;1,26;1,34;1
34,33;1,25;1,35;1
35,34;1,24;1,36;1
36,35;1,23;1,37;1
37,36;1,22;1,38;1
38,37;1,21;1,39;1
39,38;1,20;1,40;1
40,39;1,19;1,41;1
41,40;1,17;1,42;1
42,43;1,270;1
43,42;1,44;1
44,43;1,45;1
45,44;1
46,45;1
47,46;1
48,47;1
49,48;1
50,49;1
51,270;1,53;1,322;1,52;1,55;1
52,51;1,322;1,53;1,55;1,320;1
53,54;1
54,57;1
55,56;1
56,57;1
57,54;1,56;1
58,57;1,59;1,60;1,64;1
59,58;1,60;1,62;1,61;1
60,59;1,58;1,61;1,62;1,64;1
61,60;1,62;1,59;1,64;1,63;1
62,59;1,61;1,60;1
63,64;1,66;1
64,63;1,65;1,67;1,60;1
65,64;1,67;1
66,63;1,68;1,67;1
67,66;1,68;1,64;1
68,67;1,69;1
69,70;1,68;1
70,69;1,71;1
71,82;1,70;1
72,52;1,73;1
73,72;1,74;1
74,73;1,75;1
75,74;1,76;1
76,75;1,77;1
77,76;1,78;1
78,77;1,79;1
79,78;1,80;1
80,79;1,81;1
81,80;1,82;1
82,75;1
83,71;1
84,83;1
85,84;1,86;1
86,85;1
87,88;1
88,87;1,89;1
89,88;1,191;1
90,91;1
91,90;1,92;1,93;1,94;1
92,95;1
93,96;1
94,97;1
95,98;1
96,99;1
97,100;1
98,102;1,101;1
99,98;1,100;1,101;1
100,99;1,120;1
101,99;1,119;1
102,98;1,103;1,109;1
103,102;1,108;1,104;1
104,103;1,105;1
105,104;1,106;1
106,105;1,107;1
107,106;1,108;1
108,109;1,107;1
109,102;1,112;1
110,107;1,111;1
111,110;1,112;1
112,109;1,111;1
113,116;1,114;1
114,115;1,113;1
115,114;1,117;1
116,113;1,112;1
117,118;1,119;1
118,117;1
119,101;1
120,100;1,123;1,121;1
121,120;1,122;1
122,121;1,190;1
123,120;1,127;1
124,123;1,125;1
125,124;1,126;1
126,125;1
127,128;1,141;1
128,129;1,127;1
129,128;1,130;1
130,129;1,131;1
131,130;1,132;133,135;1
132,131;1,133;1,129;1,138;1
133,132;1,134;1,128;1,139;1
134,133;1,157;1,158;1,140;1
135,131;1,136;1
136,135;1,137;1,177;1
137,136;1,179;1
138,132;1,139;1,136;1
139,138;1,140;1,133;1
140,139;1,159;1,134;1
141,157;1,127;1,142;1
142,141;1,158;1,149;1
143,142;1,158;1
144
145
146
147
148
149
150
151
152
153
154
155
156
157,141;1,135;1
158,143;1,159;1
159,140;1,158;1,160;1
160,159;1,162;1,161;1
161,160;1,163;1
162,160;1
163,176;1,161;1
164,169;1
165,170;1
166,171;1
167,172;1
168,173;1
169,175;1,174;1
170,175;1
171,175;1
172,175;1
173,175;1
174,282;1,313;1
175,282;1,313;1
176,163;1
177,178;1,136;1
178,177;1
179,137;1,180;1
180,179;1,181;1
181,180;1,182;1
182,181;1,183;1
183,182;1,285;1,310;1
184,185;1,285;1
185,184;1,186;1
186,185;1,187;1
187,186;1,188;1
188,187;1,189;1
189,188;1
190,122;1
191,89;1,192;1
192,191;1,193;1
193,192;1,194;1
194,193;1,195;1
195,194;1,196;1
196,195;1,197;1
197,198;1
198,197;1,180;1
199,200;1,302;1,212;1
200,199;1,203;1,201;1,211;1
201,200;1,202;1
202,201;1
203,200;1,211;1
204,203;1,209;1
205,204;1,208;1,206;1
206,205;1,207;1
207,206;1
208,205;1,229;1
209,229;1,204;1,210;1
210,209;1,211;1
211,210;1,203;1,212;1
212,211;1,301;1,199;1,302;1
213,214;1
214,213;1,215;1
215,214;1,216;1
216,215;1,217;1
217,216;1,218;1
218,217;1,219;1
219,218;1,220;1
220,219;1,221;1
221,220;1,288;1
222,288;1,229;1,231;1
223,232;1,238;1
224,238;1,225;1
225,224;1,226;1
226,225;1,252;1
227,252;1,228;1
228,254;1,299;1,405;1
229,208;1,209;1
230,231;1
231,232;1,222;1
232,231;1,223;1
233,231;1,234;1
234,236;1
235,236;1
236,237;1
237,236;1,238;1
238,237;1,241;1
239,235;1,240;1
240,239;1,245;1
241,247;1,251;1
242,245;1,244;1
243,247;1
244,242;1,248;1
245,240;1,246;1,242;1
246,245;1,247;1
247,243;1,251;1
248,244;1,249;1
249,248;1,250;1
250,249;1,253;1
251,253;1
252,226;1,227;1
253,255;1,251;1
254,255;1,292;1
255,253;1,254;1
256,257;1,263;1,266;1
257,256;1,258;1
258,259;1,257;1
259,258;1,260;1
260,259;1,244;1,261;1
261,260;1,264;1,262;1
262,261;1,263;1
263,262;1,256;1,266;1
264,261;1,265;1
265,264;1,266;1
266,265;1,263;1
267,268;1
268,15;1,236;1
269,42;1,325;1
270,51;1,322;1,324;1
271,278;1
278,279;1
279,90;1,280;1,315;1
280,281;1
281,174;1,175;1
282,283;1
283,284;1
284,183;1,310;1
285,184;1,286;1
286,287;1
287,305;1,307;1,395;1
288,221;1,222;1
289
290,289;1
291,290;1
292,291;1
293
294,293;1
295,294;1
296,295;1
297,296;1
298,297;1
299,228;1
300,298;1
301,300;1
302,199;1
303,302;1
304,303;1
305,304;1
306,307;1
307,308;1
308,309;1
309,310;1
310,311;1
311,312;1
312,313;1
313,314;1
314,315;1
315,316;1
316,317;1
317,318;1
318,321;1
319,271;1
320,319;1
321,323;1
322,320;1
323,324;1,51;1,52;1
324,51;1,52;1,325;1
325,326;1
326,327;1
327
328,306;1
329,328;1
330,329;1
331,330;1
332,331;1
333,332;1
334,333;1
335,338;1
336,335;1
337,338;1
338,389;1
339,336;1
340,387;1
341,388;1
342,341;1
343,342;1
344,343;1
345,344;1
346,345;1,382;1,347;1
347,382;1
348,382;1,346;1,379;1
349,348;1
350,349;1
351,350;1
352,351;1
353,352;1
354,353;1
355,354;1
356,355;1
357,354;1
358,357;1
359,366;1
360,365;1
361,364;1
362,363;1
363,370;1
364,369;1
365,368;1
366,367;1
367,371;1
368,371;1
369,372;1
370,372;1
371,372;1,373;1,353;1
372,373;1,352;1
373,351;1,352;1
374,373;1,351;1
375,583;1
376,375;1,373;1
377,376;1
378,377;1
379,378;1
380,379;1
381,495;1
382,381;1
383,381;1
384,383;1
385,384;1
386,385;1
387,386;1
388,387;1
389,388;1
390,337;1
391,390;1
392,391;1
393,392;1
394,393;1
395,394;1
396,395;1,307;1
397,396;1
398,397;1
399,398;1
400,399;1,302;1
401,400;1
402,401;1
403,402;1
404,405;1,403;1
405,403;1,412;1
406,404;1,410;1
407,406;1
408,407;1
409,407;1
410,411;1
411,462;1
412,462;1
413,296;1
414,403;1
415,414;1,413;1
416,415;1
417,416;1
418,417;1
419,418;1
420,419;1
421,420;1
422,421;1
423,422;1,848;1
424,463;1
425,424;1,422;1,848;1
426,425;1
427,426;1
428,886;1
429,428;1
430,429;1,961;1
431,923;1
432,528;1,431;1
433,618;1
434,433;1,548;1,431;1
435,434;1
436,435;1,444;1,445;1
437,436;1,435;1,445;1
438,437;1,443;1,442;1
439,952;1
440
441,953;1
442,438;1,441;1
443,441;1,929;1,943;1
444,443;1
445,444;1,446;1
446,445;1,444;1
447,446;1
448,527;1,433;1,529;1
449,899;1
450,449;1
451,450;1
452,885;1
453,452;1
454,453;1
455,848;1,424;1,454;1
456,455;1
457,456;1
458,457;1
459,458;1
460,459;1
461,460;1
462,461;1
463,464;1
464,465;1
465,466;1
466,1379;1
467,999;1
468,469;1
469,470;1
470,471;1
471,472;1
472,473;1
473,474;1
474,475;1
475,476;1
476,718;1,477;1
477,719;1,718;1,720;1
478,720;1
479,511;1
480,510;1
481,482;1
482,483;1
483,484;1
484,1397;1
485,486;1
487,488;1
488,489;1
489,490;1
490,1037;1,1138;1
491,492;1
492,493;1
493,494;1
494,493;1
495,496;1
497,498;1
498,1139;1
499,500;1
500,501;1
501,502;1
502,503;1
503,504;1
504,1396;1
505,506;1
506,507;1
507,508;1
508,509;1
509,508;1
510,511;1,477;1
511,512;1,477;1
512,477;1,513;1
513,514;1
514,515;1
515,516;1
516,517;1
517,518;1
518,519;1
519,520;1
520,521;1
521,522;1
522,1378;1
523,524;1
524,1091;1
525,526;1
526,423;1
527,529;1
528,431;1,527;1,433;1
529,530;1
530,531;1
531,532;1
532,533;1
533,534;1
534,535;1
535,541;1
536,542;1
537,538;1
538,539;1
539,540;1
540,536;1
541,537;1
542,543;1
543,544;1
544,545;1
545,546;1
546,547;1
547,548;1
548,447;1
549,432;1
550,549;1
551,550;1
552,551;1
553,552;1
554,1011;1,553;1
555,554;1
556,555;1
557,556;1
558,557;1
559,558;1
560,559;1
561,1019;1
562,561;1
563,562;1
564,833;1
565,564;1
567,566;1
568,567;1
569,568;1
570,569;1
571,570;1
572,571;1
573,572;1
574,573;1
575,574;1
576,575;1
577,576;1
578,577;1
579,578;1
580,579;1
581,580;1
582,581;1
583,582;1
584,374;1
585,584;1
586,585;1
587,586;1
588,587;1
589,588;1
590,1158;1,589;1
591,590;1
592,591;1
593,592;1
594,593;1
595,594;1
596,595;1
597,596;1
598,597;1
599,598;1
600,599;1
601,600;1
602,601;1
603,602;1
604,742;1,744;1,746;1,748;1,750;1,752;1,754;1,756;1,758;1,818;1
605,604;1
606,605;1
607,606;1
608,607;1
609,608;1
610,978;1,609;1
611,610;1
612,611;1
613,612;1
614,613;1
615,614;1
616,615;1
617,616;1
618,617;1
619,620;1
620,621;1
621,622;1
622,705;1,623;1
623,624;1
624,625;1
625,626;1
626,627;1
627,628;1
628,629;1
629,631;1,630;1
630,788;1
631,632;1
632,633;1
633,634;1
634,635;1
635,644;1,643;1
636,637;1
637,638;1
638,639;1
639,640;1
640,1171;1
641,642;1
642,643;1
643,644;1
644,645;1
645,646;1
646,647;1
647,648;1
648,791;1,792;1,793;1,794;1,795;1,796;1,797;1,798;1
649,650;1
650,651;1,672;1
651,652;1
652,653;1
653,654;1
654,655;1
655,656;1
656,657;1
657,658;1
658,659;1
659,660;1
660,661;1
661,662;1
662,663;1
663,664;1
664,663;1
665,666;1
666,667;1
667,668;1
668,669;1
669,670;1
671,672;1,649;1
672,673;1
673,674;1
674,675;1
675,639;1
676,782;1
677,678;1,684;1
678,679;1,685;1
679,680;1,686;1
680,681;1,687;1
681,682;1,688;1
682,683;1,689;1
683,690;1
684,691;1
685,692;1
686,693;1
687,694;1
688,695;1
689,696;1
690,697;1
691
692
693
694
695
696
697
698,716;1
699,698;1
700,699;1
701,700;1
702,701;1
703,702;1
704,703;1
705,704;1
706,707;1
707,708;1
708,709;1
709,710;1
710,711;1
711,712;1
712,713;1
713,714;1
714,715;1
715,717;1
716,697;1
717,698;1
718,721;1
719,722;1
720,723;1
721,724;1
722,725;1
723,726;1
724,727;1
725,730;1
726,731;1
727,728;1
728,729;1
729,736;1,563;1
730,732;1
731,733;1
732,734;1,729;1
733,735;1,734;1
734,729;1,745;1
735,739;1,734;1
736,737;1,563;1
737,742;1,744;1,746;1,748;1,750;1,752;1,754;1,756;1,758;1,760;1
738,740;1,737;1,741;1
739,741;1
740,737;1
741,760;1
742,743;1
743,771;1
744,745;1
745,770;1
746,747;1
747,769;1
748,749;1
749,768;1
750,751;1
751,767;1
752,753;1
753,766;1
754,755;1
755,765;1
756,757;1
757,764;1
758,759;1
759,763;1
760,761;1
761,762;1
762,722;1
763,773;1
764,774;1
765,775;1
767,777;1
768,778;1
769,779;1
770,780;1
771,781;1
772,773;1,784;1
773,774;1,784;1,772;1
774,775;1,773;1,783;1
775,776;1,774;1,783;1
776,777;1,775;1,783;1
777,778;1,776;1,783;1
778,779;1,777;1,676;1
779,780;1,778;1,676;1
780,781;1,779;1,676;1
781,780;1,782;1
782,676;1,677;1
783,676;1,784;1
784,783;1,787;1,619;1
785,620;1
786,787;1,788;1
787,788;1,791;1,792;1,793;1
788,787;1,794;1,795;1,796;1,797;1,789;1,798;1
789,788;1,648;1
790,789;1,648;1
791,792;1,799;1
792,791;1,793;1,800;1
793,792;1,794;1,802;1
794,793;1,795;1,803;1
795,794;1,796;1,804;1
796,795;1,797;1,805;1
797,796;1,798;1,806;1
798,797;1,807;1
799,809;1
800,810;1
801,811;1
802,812;1
803,813;1
804,814;1
805,815;1
806,816;1
807,817;1
808,813;1
809,808;1,819;1
810,820;1
811,821;1
812,822;1
813,824;1,823;1
814,824;1
815,825;1
816,825;1,826;1
817,826;1
818,827;1
819,827;1
820,828;1
821,828;1
822,829;1
823,829;1
824,830;1
825,830;1
826,602;1
827,831;1
828,832;1
829,832;1
830,833;1,603;1
831,834;1
832,834;1
833,835;1
834,836;1
835,837;1
836,838;1
837,839;1
838,840;1
839,841;1
840,842;1
841,843;1,844;1
842,843;1,844;1
843,846;1,844;1
844,847;1
845,479;1
846,480;1
847,481;1
848,454;1,422;1,424;1
849,848;1,867;1
850,849;1
851,850;1,865;1,852;1
852,853;1,851;1
853,852;1,854;1
854,856;1,853;1
855,856;1,851;1
856,854;1,859;1,855;1
857,858;1,850;1,865;1
858,859;1,857;1
859,860;1,856;1
860,859;1,861;1
861,862;1,860;1
862,861;1,868;1,869;1
863,864;1,863;1
864,857;1,865;1
865,866;1
866,867;1
867,454;1,848;1
868,857;1
869,863;1,862;1,870;1
870,869;1,871;1,874;1
871,870;1,872;1
872,871;1,878;1,865;1,873;1
873,872;1
874,870;1,875;1,877;1
875,874;1,880;1,876;1
876,875;1
877,874;1,878;1
878,872;1,881;1,879;1
879,878;1
880,875;1,881;1,882;1
881,882;1,878;1
882,884;1
883,882;1
884,885;1
885,886;1,451;1
886,452;1,427;1
887,896;1,451;1
888,889;1,896;1
889,888;1,890;1
890,891;1,889;1
891,890;1,892;1
892,891;1,893;1
893,892;1,894;1
894,893;1,895;1
895,894;1
896,887;1,897;1
897,449;1
898,430;1
899,922;1,900;1
900,901;1,921;1,903;1
901,902;1
902,903;1
903,904;1,920;1
904,905;1
905,906;1
906,907;1
907,908;1
908,909;1
909;910;1
910,911;1
911,912;1
912,913;1
913,914;1
914,915;1
915,916;1
916,917;1
917,918;1
918,919;1
919,920;1
920,921;1
921,922;1
922,448;1,923;1
923,898;1,899;1
924,445;1,925;1
925,924;1,926;1
926,925;1,927;1
927,926;1,928;1
928,927;1,927;1
929,930;1
930,931;1
931,932;1
932,933;1
933,934;1
934,935;1
935,936;1
936,937;1
937,938;1
938,939;1
939,940;1
940,941;1
941,942;1
942,943;1
943,441;1,929;1
944,436;1,945;1
945,944;1,946;1
946,945;1,947;1
947,946;1
948,949;1
949,948;1,950;1
950,945;1,949;1,951;1
951,950;1
952,439;1,442;1,953;1
953,440;1,441;1
954,955;1
955,954;1,956;1
956,955;1,957;1
957,958;1,956;1
958,957;1
959,960;1
960,959;1,961;1
961,960;1,972;1
962,963;1,961;1
963,962;1,964;1
964,963;1,965;1
965,964;1,966;1
966,965;1
967,968;1
968,967;1,969;1
969,970;1,968;1
970,971;1,969;1
971,970;1,972;1
972,961;1,973;1
973,972;1
974,973;1,975;1
975,974;1,976;1
976,975;1,977;1
977,976;1
978,979;1
979,980;1,996;1,981;1
980,981;1
981,980;1
982,983;1
983,984;1,985;1
984,983;1
985,983;1,986;1
986,987;1
987,988;1,986;1
988,989;1,982;1
989,994;1,990;1
990,991;1,989;1
991,992;1,990;1
992,993;1,991;1
993,992;1,997;1
994,995;1
995,996;1
996,997;1
997,998;1
998,609;1
999,1000;1
1000,1033;1,1001;1
1001,1033;1,1002;1,1007;1
1002,1003;1,1001;1
1003,1002;1,1004;1
1004,1005;1,1003;1
1005,1006;1,1004;1
1006,1005;1
1007,1008;1,1032;1
1008,1014;1,1009;1
1009,1013;1,1010;1
1010,1012;1,1011;1
1011,613;1,553;1
1012,1010;1,1013;1
1013,1009;1,1014;1
1014,1008;1,1015;1,1032;1
1015,1014;1,1016;1
1016,1017;1,1026;1
1017,1023;1,1016;1,1018;1
1018,1017;1,1020;1
1019,1018;1
1020,1018;1
1021,1018;1,1021;1
1022,1021;1,1022;1,1023;1
1023,1022;1,1017;1
1024,1027;1,1022;1,1025;1
1025,1024;1,1026;1
1026,1030;1,1016;1
1027,1028;1,1024;1
1028,1027;1,1029;1
1029,1028;1,1030;1
1030,1029;1,1030;1,1026;1
1031,1030;1,1032;1
1032,1033;1,1031;1
1033,1001;1,1036;1
1034,1035;1,1029;1
1035,1034;1,1033;1
1036,468;1
1037,1068;1
1038,1039;1
1039,1040;1
1040,1041;1,1054;1
1041,1054;1,1042;1
1042,1043;1
1043,1049;1,1044;1
1044,1045;1
1045,1046;1
1046,1047;1
1047,1048;1
1049,1048;1
1050,1051;1
1051,1052;1,1053;1
1052,1055;1
1053,1054;1
1054,1041;1,1056;1
1055,1056;1
1056,1054;1,1063;1
1057,1054;1,1058;1
1058,1057;1,1059;1,1061;1
1059,1058;1,1062;1
1060,1061;1
1061,1058;1,1060;1,1062;1
1062,1059;1,1069;1,1067;1
1063,1056;1,1064;1
1064,1063;1,1065;1
1065,1064;1,1066;1
1066,1065;1,1067;1
1067,1062;1,1070;1
1068,1069;1
1069,1062;1,1070;1,1081;1
1070,1071;1,1067;1,1081;1
1071,1070;1,1072;1
1072,1071;1,1073;1
1073,1072;1,1074;1
1074,1073;1,1075;1
1075,1074;1,1076;1
1076,1075;1,1077;1
1077,1078;1,1076;1
1078,1077;1,1079;1
1079,1078;1,1080;1
1080,1081;1,1088;1
1081,1082;1
1082,1083;1
1083,1138;1
1084,1077;1,1085;1
1085,1084;1,1086;1
1086,1085;1,1087;1
1087,1086;1,1088;1
1088,1081;1,1089;1
1089,1088;1,1081;1,1080;1,1090;1
1090,1138;1,1089;1
1091,1092;1
1092,1093;1
1093,1103;1,1094;1
1094,1095;1
1095,1096;1
1096,1097;1
1097,1101;1
1098,1099;1
1099,1101;1
1101,1102;1
1102,1100;1,1103;1
1103,1102;1,1110;1,1104;1
1104,1105;1
1105,1106;1
1106,525;1
1107,525;1
1108,1107;1
1109,1108;1,1111;1
1110,1103;1,1109;1
1111,1112;1,1109;1
1112,1111;1,1113;1
1113,1112;1,1114;1
1114,1113;1,1115;1
1115,1116;1,1121;1
1116,1115;1,1117;1
1117,1116;1,1109;1
1118,1110;1,1119;1
1119,1118;1,1120;1
1120,1119;1,1121;1
1121,1115;1,1120;1,1122;1
1122,1121;1,1123;1,1128;1
1123,1122;1,1124;1
1124,1123;1,1125;1
1125,1124;1,1126;1
1126,1125;1,1127;1
1127,1126;1,1128;1
1128,1129;1,1133;1
1129,1128;1,1130;1,1132;1
1130,1129;1,1131;1
1131,1130;1,1132;1
1132,1129;1,1131;1,1133;1
1133,1128;1,1132;1,1123;1
1134,1124;1,1135;1
1135,1134;1,1136;1
1136,1135;1,1137;1
1137,1136;1,1100;1
1138,491;1
1139,499;1,1140;1
1140,1141;1,499;1,1138;1
1141,1140;1,1142;1
1142,1141;1,1143;1,1146;1
1143,1142;1,1144;1,1148;1
1144,1143;1,1145;1
1145,1144;1,1141;1
1146,1142;1,1147;1
1147,1146;1,1148;1
1148,1147;1,1143;1
1149,1147;1,1150;1
1150,1149;1,1151;1
1151,1150;1,1152;1
1152,1151;1,1153;1
1153,1154;1,1152;1
1154,1153;1,1155;1
1155,1154;1,1156;1
1156,1149;1,1157;1
1157,1156;1
1158,1161;1,1159;1
1159,1162;1,1158;1
1160,1159;1,1163;1
1161,1158;1,1162;1
1162,1159;1,1163;1,1161;1
1163,1162;1,1160;1
1164,1163;1,1166;1,1173;1
1165,1173;1
1166,1164;1,1177;1,1172;1
1167,1172;1,1168;1
1168,1167;1,1169;1
1169,1168;1,1170;1
1170,1169;1,1171;1
1171,1174;1,1170;1
1172,1166;1,1174;1
1173,1166;1,1165;1
1174,1172;1,1171;1,1175;1
1175,1174;1,1176;1
1176,1175;1,1178;1,1184;1
1178,1176;1,1179;1
1179,1160;1,1189;1,1180;1
1180,1179;1,1181;1
1181,1180;1,1182;1
1182,1181;1,1183;1
1183,1193;1,1191;1,1182;1
1184,1176;1,1185;1
1185,1188;1,1186;1
1186,1185;1,1188;1
1187,1186;1,1191;1
1188,1185;1,1186;1,1184;1
1189,1190;1,1179;1
1190,1191;1,1189;1
1191,1183;1,1187;1
1192,1191;1,1187;1
1193,1183;1
1194,1195;1
1195,1196;1,1240;1
1196,1198;1,1197;1
1197,1196;1
1198,1199;1,1204;1
1199,1201;1,1198;1
1200,1197;1,1201;1
1201,1200;1,1199;1,1202;1
1202,1201;1,1206;1
1203,1302;1,1304;1
1204,1205;1
1205,1209;1,1207;1
1206,1202;1,1203;1
1207,1205;1,1208;1
1208,1207;1,1209;1
1209,1208;1,1210;1
1210,1211;1
1211,1212;1
1212,1213;1
1213,1214;1
1214,1215;1
1215,1216;1
1216,1217;1
1217,1218;1
1218,1219;1
1220,1221;1
1221,1222;1
1222,1223;1
1223,1224;1
1224,1225;1
1225,1226;1
1226,1227;1
1227,1228;1
1228,1230;1
1229,1220;1
1230,1231;1
1231,1232;1
1232,1233;1
1233,1234;1
1234,1235;1
1236,1237;1
1237,1238;1
1238,1239;1
1239,1241;1,1240;1
1240,1241;1
1241,345;1
1242,1239;1
1243,1244;1,1240;1
1244,1245;1
1245,1246;1
1246,1247;1
1247,1248;1
1248,1249;1
1249,1229;1
1250,1315;1
1251,1252;1,1250;1
1252,1253;1,1314;1
1253,1254;1,1312;1
1254,1279;1,1255;1
1255,1277;1,1256;1
1256,1275;1,1257;1
1257,1273;1,1258;1
1258,1269;1,1259;1
1259,1265;1,1260;1
1260,1261;1
1261,1260;1
1262,1261;1
1263,1262;1
1264,1263;1,1268;1
1265,1266;1
1266,1267;1
1267,1268;1
1268,1281;1
1269,1258;1,1270;1
1270,1271;1
1271,1272;1
1272,1268;1
1273,1274;1
1274,1270;1
1275,1276;1
1276,1274;1
1277,1278;1
1278,1276;1
1279,1280;1
1280,1278;1
1281,1284;1,1282;1
1282,1283;1,1281;1
1283,1282;1,667;1
1284,1281;1
1285,1290;1,1286;1
1286,1285;1,1287;1
1287,1288;1,1286;1
1288,1287;1,1289;1
1289,1288;1
1290,1291;1,1285;1
1291,1290;1
1292,1293;1,1290;1
1293,1292;1,1294;1
1294,1293;1,1295;1
1295,1294;1,1296;1
1296,1295;1,1297;1
1297,1296;1,1298;1,1301;1
1298,1297;1,1299;1
1299,1298;1,1300;1
1301,1297;1,1302;1,1305;1
1302,1301;1,1203;1
1303,1302;1,1304;1
1304,1307;1,1300;1,1203;1
1305,1301;1,1309;1,1306;1
1306,1305;1,307;1
1307,1308;1,1304;1
1308,1309;1,1307;1
1309,1305;1,1308;1
1310,1311;1,1309;1
1311,1310;1,1312;1
1312,1313;1,1311;1
1313,1312;1,1314;1
1314,356;1,358;1
1315,1324;1
1316,1315;1
1317,1316;1
1318,1317;1
1319,1318;1
1320,1319;1
1321,1320;1,1322;1
1322,1319;1,1316;1,1324;1
1323,1321;1
1324,1323;1,1322;1
1325,1326;1
1326,1361;1
1327,1328;1
1328,1329;1
1329,1330;1
1330,1331;1
1331,1332;1
1332,1333;1,1358;1
1333,1334;1,1332;1
1334,1333;1,1335;1
1335,1336;1,1334;1
1336,1335;1,1342;1,1337;1
1337,1336;1,1338;1
1338,1337;1,1339;1
1339,1338;1,1345;1
1340,1332;1,1341;1
1341,1340;1,1342;1
1342,1336;1,1354;1,1343;1
1343,1342;1,1344;1
1344,1345;1,1352;1
1345,1339;1,1344;1,1346;1
1346,1345;1,1347;1
1347,1346;1,1348;1
1348,1347;1,1349;1
1349,1348;1,1350;1,1375;1
1350,1349;1,1351;1
1351,1350;1,1352;1
1352,1344;1,1371;1
1353,1352;1,1354;1
1354,1353;1,1342;1,1356;1
1355,1354;1,1356;1
1356,1355;1,1367;1,1357;1
1357,1356;1,1358;1
1358,1357;1,1359;1
1359,1360;1,1362;1
1360,1362;1
1361,1327;1
1362,1363;1
1363,1364;1
1364,505;1,1397;1
1365,1366;1,1360;1
1366,1365;1,1367;1,1391;1
1367,1366;1,1356;1
1368,1369;1,1367;1
1369,1368;1,1389;1
1370,1369;1,1388;1
1371,1352;1,1372;1
1372,1371;1,1387;1
1373,1372;1,1374;1
1374,1372;1,1375;1
1375,1349;1,1374;1
1376,1375;1,1380;1,1377;1
1377,1376;1,1378;1
1378,523;1
1379,467;1
1380,1376;1,1381;1
1381,1380;1,1382;1
1382,1386;1,1387;1
1383,1384;1
1384,1383;1,1385;1
1385,1384;1,1386;1
1386,1385;1,1382;1
1387,1382;1,1381;1
1388,1387;1,1389;1
1389,1399;1,1369;1,1390;1
1390,1389;1,1398;1,1392;1
1391,1366;1,1390;1,1392;1
1392,1398;1,1402;1,1393;1,1391;1
1393,1392;1,1394;1
1394,1393;1,1360;1,1395;1
1395,1364;1
1396,1325;1
1397,485;1,1396;1
1398,1390;1,1399;1,1369;1
1399,1389;1,1400;1
1400,1403;1,1401;1,1399;1
1401,1400;1,1398;1,1402;1
1402,1401;1,1392;1
1403,1404;1,1400;1
1404,1403;1,1405;1
1405,1404;1,1406;1
1406,517;1