1 36.02499857810043 120.1753717108826 
2 36.02513272778108 120.1757985106902 
3 36.02523260011897 120.1761413344891 
4 36.02530922501013 120.1764564324383 
5 36.02537453057153 120.1767343331719 
6 36.02544655375159 120.1769950693355 
7 36.02552855908499 120.1772490718715 
8 36.02560885241365 120.1775016195205 
9 36.0256816708289 120.1777090231122 
10 36.02574543016958 120.1779378588291 
11 36.02581913103548 120.1781764595905 
12 36.02589590635719 120.1783846131878 
13 36.02597353973586 120.1786106568319 
14 36.02605689883585 120.1788986568672 
15 36.02618057450495 120.1793091729615 
16 36.02585301025747 120.1788497175682 
17 36.02567380569013 120.1788751115211 
18 36.02574886102347 120.17911003365 
19 36.02554597332505 120.1785338774061 
20 36.02544165900748 120.1782515706122 
21 36.02538056411398 120.1779633503964 
22 36.02529318618955 120.1776523297442 
23 36.02521026174197 120.1773844797343 
24 36.02514641060385 120.1771291800481 
25 36.02507511923562 120.1768518064709 
26 36.0249784513173 120.1765782024703 
27 36.02486440195409 120.1763094117816 
28 36.02477198516222 120.1759749450045 
29 36.02463297278014 120.1755827873544 
30 36.02424774034848 120.1758289626576 
31 36.02436167368501 120.1761593461346 
32 36.02446552857712 120.1764990541136 
33 36.02454228207107 120.1767983669143 
34 36.0245849698138 120.177084794118 
35 36.02464226122742 120.1773580644228 
36 36.0246922885846 120.1776355464066 
37 36.02475957986958 120.1779091180449 
38 36.02480271371534 120.1782169531 
39 36.02489181823829 120.1785162824842 
40 36.02504127574111 120.1788124614906 
41 36.02514107413964 120.179160644583 
42 36.02524162298032 120.180050302461 
43 36.02510045508404 120.1799050089228 
44 36.02492593143097 120.1795580703017 
45 36.02467767511619 120.1790191498681 
46 36.02442367130138 120.178435279411 
47 36.02412329251806 120.1777956244055 
48 36.02382619552908 120.1770988357914 
49 36.0235881283598 120.1766300848514 
50 36.02325541150634 120.17688410536 
51 36.0241821105054 120.18091625462 
52 36.02409779134044 120.1809809693499 
53 36.02401310817166 120.1806218752681 
54 36.02382720615746 120.1802056272728 
55 36.0239686034858 120.1806559170055 
56 36.02377186019884 120.1802397387921 
57 36.02378712990055 120.1800034523764 
58 36.02404556310503 120.1798606471216 
59 36.02440687159773 120.1798763006492 
60 36.02423496325248 120.1794546999733 
61 36.02428360576475 120.1790189340597 
62 36.02465574041747 120.1796455266757 
63 36.02405775193704 120.1785685883369 
64 36.02395607673687 120.1790359231658 
65 36.02361175917337 120.179355912209 
66 36.02374215614592 120.1779431667951 
67 36.02354114264745 120.1784183260797 
68 36.02353981335328 120.1775691144537 
68 36.02342795462579 120.17809089592 
69 36.02326640833914 120.177765003105 
70 36.0231026119606 120.1773782847083 
71 36.02285801867178 120.1769612732575 
72 36.02385841659284 120.1807559762083 
73 36.02364592068207 120.1803524693637 
74 36.02343259374199 120.1798965538583 
75 36.02324420376017 120.179538897516 
77 36.02313957364332 120.1784766303612 
78 36.02296996893993 120.1780702777356 
79 36.02274818691585 120.1776278938782 
80 36.02241807677873 120.1778796556777 
81 36.02257281306408 120.1784339797506 
82 36.0229298576477 120.1790936541539 
76 36.02320432361704 120.1789758917404 
82 36.02259862446156 120.1770869091609 
83 36.02171505587936 120.1778778715132 
84 36.02055965751414 120.1788799214356 
85 36.01961016303486 120.1796453994562 
86 36.01973834443685 120.1798305082845 
87 36.01948549317578 120.1800195034018 
88 36.01924733692829 120.1800024944667 
89 36.01916274543616 120.1800923749005 
90 36.02106584040904 120.1832480612781 
91 36.0206691972076 120.1824853637321 
92 36.02045593606642 120.1819550179103 
93 36.02040611873257 120.1819924152224 
94 36.0203705546682 120.1820254453664 
95 36.02026974224276 120.181657160148 
96 36.02023009857204 120.1816903997671 
97 36.02019263373499 120.1817152220054 
98 36.02016745115426 120.1813872787278 
99 36.02010782422343 120.181481033627 
100 36.02007659847682 120.1815313630399 
101 36.01978942163769 120.1810330449614 
102 36.02045521669491 120.181188814084 
103 36.02086362538809 120.1818614632706 
104 36.02109048956133 120.1823085822036 
105 36.02134751465105 120.1828027256617 
106 36.02166557458968 120.1825473480741 
107 36.02140077093242 120.182034860535 
108 36.02117049668301 120.1816504786318 
109 36.02080221630901 120.1809037371256 
110 36.0217409026041 120.1817652138945 
111 36.02154521983758 120.181380908397 
112 36.02109079629408 120.1806870512517 
113 36.02185392297725 120.1800046686849 
114 36.02163834065702 120.1795128651368 
115 36.02139239082394 120.1796877755987 
116 36.02162907637385 120.1802010204837 
117 36.02082542257091 120.1801872195428 
118 36.02055116992237 120.1797475568594 
119 36.02019068141936 120.1807058263945 
120 36.01966090422059 120.1818382570192 
121 36.01937496323205 120.1813602819376 
122 36.01916022491069 120.1808702517896 
123 36.01953118594792 120.1820468685519 
124 36.0198172594963 120.1824319745549 
125 36.02008372851258 120.1829722280801 
126 36.02032014404716 120.1834646487875 
127 36.0191967849175 120.1823245775049 
128 36.01904393285226 120.1820763792883 
129 36.01880368133468 120.1816375085826 
130 36.0185172101689 120.1811501356191 
131 36.017833428378 120.1817649971438 
132 36.01805536704055 120.1822013279228 
133 36.01829546490193 120.1826061785134 
134 36.01865546212116 120.1832265861348 
135 36.01713610934878 120.1823232300241 
136 36.01700657492901 120.1827363511149 
137 36.0171805615327 120.1829926745744 
138 36.01755475167634 120.1827008362707 
139 36.01776895180733 120.183019610654 
140 36.01810999191574 120.1836447256059 
141 36.01936794842747 120.182714096838 
142 36.01958105175741 120.1831004169404 
143 36.01937416602875 120.1833051461497 
144 36.01933657190034 120.1833370460065 
145 36.01929703840121 120.1833737123354 
146 36.01926867014192 120.1834015024851 
147 36.01923221484081 120.1834481409985 
148 36.01918366627877 120.1834936608101 
149 36.01972295819456 120.1833527384712 
150 36.01914723394362 120.1835209762372 
151 36.01933652641362 120.1832239267993 
152 36.01929328434679 120.1832640775472 
153 36.0192540913262 120.1832984583925 
154 36.01922438789548 120.183326408467 
155 36.01918046895032 120.183369027104 
156 36.0191375275425 120.183406179574 
157 36.01910684548928 120.183433036891 
157 36.01901730798883 120.1829696056366 
158 36.0188694715095 120.1836637005813 
159 36.01833891472957 120.1840607541684 
160 36.0185222771167 120.1844491362312 
161 36.01873453386238 120.1848307747033 
162 36.01904319492782 120.1840521359265 
163 36.01920436632432 120.1844535721288 
164 36.01957777118137 120.1837465050154 
165 36.01954053185671 120.1837725660009 
166 36.01948734316674 120.1838150822438 
167 36.01943739144931 120.1838572713129 
168 36.01938304223875 120.1839070360597 
169 36.01979960167407 120.1841680462664 
170 36.01974726263901 120.1842053587288 
171 36.0197068736512 120.1842332519879 
172 36.01965161212123 120.1842650437427 
173 36.01959816999427 120.1843013263839 
174 36.01988776502737 120.1843890462873 
175 36.01981915416402 120.1844278690552 
176 36.01937018020069 120.1841769316595 
177 36.01681253278517 120.1830882282183 
178 36.01696423244007 120.1834301684747 
179 36.01733835571837 120.1832189316269 
180 36.01752998353902 120.1836054762361 
181 36.01794211997434 120.1843865711491 
182 36.01826679306021 120.1849651376176 
183 36.0185252121168 120.1854555376925 
184 36.0180678006813 120.1858096379376 
185 36.01799038437787 120.1856467726356 
186 36.01771581526001 120.1850789808789 
187 36.01746080613685 120.1845915382333 
188 36.01704299414932 120.1849045428407 
189 36.01662446819416 120.1850197802404 
190 36.01898855782456 120.1805723444968 
191 36.01884721625682 120.1802922776138 
192 36.01834809567047 120.1807266906278 
193 36.01760244666873 120.1813840474556 
195 36.01681818830814 120.1826104762792 
194 36.01703675823111 120.1821969667917 
196 36.01668444131381 120.183044457267 
197 36.01653565890804 120.1837088144912 
198 36.0168840356396 120.1839421682462 
199 36.01592391201077 120.1860009761537 
201 36.01623703892596 120.1862316472905 
202 36.01641708431384 120.1866383571578 
200 36.01614999709015 120.1859165373594 
203 36.01620599744877 120.1856020328358 
204 36.01592375731867 120.1847128800628 
205 36.01607551871931 120.1833979725813 
206 36.01631899669815 120.1825791968146 
207 36.01664127718578 120.1820538685155 
208 36.01590171814775 120.1834322536956 
209 36.01557153882808 120.1846072536714 
210 36.01564308130494 120.1851383285999 
211 36.01593045304003 120.1856748013812 
212 36.01579797796781 120.1858078053842 
213 36.02522768725079 120.1738647939166 
214 36.0248203449764 120.174401297917 
215 36.0244100482336 120.1748121419534 
216 36.02406631950026 120.1751825809357 
217 36.02333277821843 120.1758906255872 
218 36.02271029212723 120.1764463012793 
219 36.02241499218603 120.1767354709213 
220 36.02149763658062 120.1775063327833 
221 36.02121331845225 120.1777248121283 
222 36.01942421346655 120.179301804861 
223 36.01827710545577 120.1802874772597 
224 36.01742524504588 120.1810352853062 
225 36.01644567235278 120.181830587668 
226 36.01600662765263 120.1823883389689 
227 36.01557299582936 120.1832350609109 
228 36.01538665857021 120.1837809123704 
229 36.01569404436754 120.1838990855432 
229 36.01916545544373 120.1790330665977 
230 36.01882848458406 120.1792824676555 
231 36.0185530014024 120.1795449018804 
231 36.01900716448921 120.1796607366969 
232 36.01872592129349 120.1798935350654 
233 36.01827556785154 120.1794519136204 
235 36.01758644157501 120.1799669901355 
234 36.01789866319965 120.1797218812851 
236 36.01783109535862 120.1798057512778 
237 36.0180542109453 120.180287869878 
238 36.01812565313649 120.1803968546093 
238 36.01735185834867 120.1808774339351 
239 36.01712624970784 120.1802855569658 
240 36.01602353665562 120.1811598609384 
241 36.01633039531875 120.1816350534129 
242 36.01560755018539 120.181543299822 
243 36.01585717843517 120.1820010163168 
244 36.01511531507068 120.1819648850846 
245 36.01573523263706 120.1814590876333 
246 36.01584312266843 120.18170181067 
247 36.0159699216843 120.1819338870454 
248 36.01524367449714 120.1821586524387 
249 36.0153679264868 120.1824015098957 
250 36.01553832671561 120.1827529798376 
251 36.01592584124036 120.1822315376384 
252 36.01575702508928 120.1828818806858 
253 36.01546411694287 120.1831893968933 
254 36.0152834496126 120.1837181865235 
255 36.0154057274778 120.1833414593522 
256 36.01526439076925 120.1831777886345 
257 36.01541717309731 120.1828901405518 
258 36.01525396971336 120.1824708200786 
259 36.0151312396332 120.1822325805864 
260 36.01502893615501 120.1820228639383 
261 36.01477854641475 120.1822092698791 
262 36.01497797671553 120.182600354702 
263 36.01517547411382 120.1830361017446 
264 36.01457996936554 120.1823864844583 
265 36.01475551929698 120.1827304006777 
266 36.01498640038727 120.1831996103064 
267 36.02674193912846 120.1790635769363 
268 36.02627749317112 120.1794180229685 
269 36.02536325947302 120.1801196187087 
270 36.02428219401277 120.1809829300894 
271 36.02190432651216 120.1829013558004 
278 36.0215603995744 120.1831906717391 
279 36.02125253254868 120.1834062982865 
280 36.02058068793836 120.1839589563808 
281 36.02000022630045 120.1844504429291 
282 36.0194459528654 120.1848839752177 
283 36.0189669919647 120.1852590478326 
284 36.01862694255331 120.1855223817762 
285 36.01815256764198 120.1858871787454 
286 36.01670016906291 120.1870946678617 
287 36.01651103675763 120.1873033251007 
288 36.02036715682565 120.1785004712031 
289 36.01416264345248 120.182478619606 
290 36.01441615301463 120.1829674530464 
291 36.01473893653209 120.1834216742926 
292 36.01510141699264 120.1837737523215 
293 36.01393517549931 120.1826280836376 
294 36.01419641293342 120.1831516021053 
295 36.01445487185455 120.1836491389499 
296 36.01480113003983 120.1843182364681 
297 36.01506394742553 120.1848099101869 
298 36.01522196714091 120.1850774942647 
299 36.01529301463789 120.1842776651905 
300 36.01535355690206 120.1853097319796 
301 36.01567980176602 120.1858792955153 
302 36.01580442777612 120.1860653674478 
303 36.01596401141863 120.1863785038212 
304 36.01616985859621 120.1867994310128 
305 36.01644700871436 120.1873419702169 
306 36.01654431958903 120.187513543312 
307 36.01661015083218 120.1874644122918 
308 36.01677963554539 120.1872727940436 
309 36.01822213847467 120.1860688012879 
310 36.01870657568105 120.185688093316 
311 36.01903052125826 120.1854157511717 
312 36.01951060438437 120.1850344688473 
313 36.02005507995841 120.184577644135 
314 36.02065033902499 120.1841217661102 
315 36.0213385784879 120.1835764993404 
316 36.02161811829613 120.1833317544291 
317 36.0219691096657 120.1830457500778 
318 36.0230682040004 120.1821982046015 
319 36.02299417022224 120.1820682447033 
320 36.02396515235993 120.1812659201403 
321 36.02403873814095 120.1813945375222 
322 36.02416045742455 120.1811148633997 
323 36.02422945097002 120.1812410424464 
324 36.0243477378791 120.1811466164328 
325 36.02542491413747 120.1802522485927 
326 36.02634090191983 120.1795874803598 
327 36.02681153464233 120.1792518854111 
328 36.01697576682913 120.1883921417867 
329 36.01756215452409 120.1895547017198 
330 36.01844129114365 120.1912128465721 
331 36.01925906371374 120.1927935419113 
332 36.0201694309561 120.1945286064567 
333 36.02130623274778 120.1967082397461 
334 36.0213091897281 120.1968517525454 
335 36.02121937748686 120.1970533077839 
336 36.02112352756369 120.1972011684806 
337 36.02116396736242 120.1969288395748 
338 36.02109556589292 120.1970983296007 
339 36.02090933534338 120.1974126753185 
340 36.0206361955353 120.1976808327399 
341 36.02035749936392 120.1979575984511 
342 36.02005701184393 120.1982535169425 
343 36.01968954819256 120.1985795814475 
344 36.01917957432599 120.1990645299182 
345 36.01901945298208 120.1992345528741 
346 36.01898528655554 120.1993103396468 
347 36.01893209624888 120.1993673996791 
348 36.01875346332478 120.1993173211211 
349 36.01854682377992 120.1995848592798 
350 36.0183952803058 120.1998083628747 
351 36.01825715390102 120.1999953683765 
352 36.01812014775195 120.2002110286375 
353 36.0179732063966 120.2004530808518 
354 36.01785368836551 120.2006881289126 
355 36.01775294869002 120.200920957823 
356 36.01749648705591 120.2012772283112 
357 36.01770707725741 120.2008710616656 
358 36.01745630342613 120.201208880339 
359 36.01741126312906 120.2011619007944 
360 36.0173753321093 120.2011172127207 
361 36.01733806417084 120.2010529511782 
362 36.01728805531935 120.2009956441449 
363 36.01752669603251 120.2006753285086 
364 36.0175719666525 120.2007253522211 
365 36.01761363061241 120.2007755912535 
366 36.01766091315965 120.2008259874412 
367 36.01779193177519 120.2006344026268 
368 36.0177470939481 120.2005854869547 
369 36.01771204968575 120.2005461422905 
370 36.01766829362963 120.2004852178841 
371 36.01794136683645 120.2004127604547 
372 36.01786924430643 120.2003204858611 
373 36.01798608236169 120.2001272158573 
374 36.01797920077368 120.1999832614618 
375 36.01803721587152 120.1998905175142 
376 36.01813948276949 120.1998807468043 
377 36.01830680218217 120.1996873544492 
378 36.01844053565145 120.1994817427581 
379 36.01866706593707 120.1992238127032 
380 36.01868241934151 120.1989168380014 
381 36.0187895469769 120.1988676042457 
383 36.0189302667305 120.1990727497907 
382 36.01882952441205 120.1991349636519 
384 36.01912510251248 120.1989820280506 
385 36.01964420131914 120.1984966820971 
386 36.0200034415268 120.1981487874098 
387 36.0203090044502 120.1978559646087 
388 36.02059168409503 120.1975949519036 
389 36.02086617618618 120.1973305657396 
390 36.01997937317592 120.1946485344654 
391 36.01908515366274 120.1928916015103 
392 36.01826568992353 120.1913151597248 
393 36.01739962679884 120.1896363980917 
394 36.01680360044843 120.1884959083257 
395 36.01638344547784 120.1876302291522 
396 36.01627987445423 120.1874469533274 
397 36.01596882841719 120.1869207627632 
398 36.01575593587914 120.1865281990737 
399 36.01560358824909 120.1862092239668 
400 36.0154991541306 120.1859950460114 
401 36.01519319538941 120.1854359831472 
402 36.01507416823423 120.1851887041498 
403 36.01492647593011 120.1849106018402 
404 36.0146285141047 120.1844213501113 
405 36.01504916970374 120.1843224819849 
406 36.01429496464579 120.1837711521639 
407 36.01404637886539 120.1832406358663 
408 36.01382388166976 120.1827049335894 
409 36.01371694038875 120.1827936560359 
410 36.01455874653237 120.1844966184328 
411 36.01455389995292 120.1847318403208 
412 36.01462014990335 120.1848289639944 
413 36.01468208280622 120.1849216115662 
414 36.01474598008602 120.1850183292826 
415 36.01453026757085 120.1852590104704 
416 36.01436619738847 120.185497318204 
417 36.01413990424934 120.1857981792363 
418 36.01399499561895 120.1859846334 
419 36.01380724685031 120.1862554076889 
420 36.01353393927588 120.1866244237655 
421 36.0132858566191 120.1869674292429 
422 36.01306799628168 120.1872660045406 
423 36.0130712545501 120.1876591228094 
424 36.01292501866492 120.1877712024134 
425 36.01269388357328 120.187662724971 
426 36.01239585771284 120.1879618357702 
427 36.01191946598716 120.1885924328825 
428 36.0113428283853 120.1893965751735 
429 36.01092616164449 120.1899695687228 
430 36.01079559332946 120.190176641816 
431 36.01020617437202 120.1909528753802 
432 36.01023750784767 120.1912411751168 
433 36.01017529214137 120.191316159635 
434 36.00997053629168 120.1911849699084 
435 36.00965938457006 120.1916106686605 
436 36.00966515811354 120.1918772809466 
437 36.00947539580401 120.1919436889017 
438 36.00912989777482 120.1923847493885 
439 36.00880088942414 120.1928580664115 
440 36.00867861310961 120.192713306036 
441 36.00891171884246 120.192401916827 
442 36.00905361499558 120.1925149527319 
443 36.0090167855072 120.1922735543332 
444 36.00936175357451 120.1918279311071 
445 36.00943503029637 120.1915591890923 
446 36.00959283337762 120.1915268273012 
448 36.01007770210936 120.1908568902334 
449 36.01069246024174 120.1900464568116 
450 36.01080804260183 120.1898579989469 
451 36.01123427318987 120.1893007567561 
452 36.01183002851656 120.1884872540836 
453 36.01230059808123 120.1878482555307 
454 36.01258634207723 120.1874719555245 
455 36.01293455475185 120.1870496297282 
456 36.01309236668169 120.1868170397554 
457 36.01338775081727 120.1864388160118 
458 36.0136440213633 120.186095839682 
459 36.01384390462375 120.1858274242 
460 36.01397025577437 120.1856630112374 
461 36.01420540830282 120.1853383812113 
462 36.01438285529685 120.1850969571272 
463 36.01331000959325 120.1884847463517 
464 36.01358047922744 120.1889786386619 
465 36.01383882452192 120.1894864868553 
466 36.01426278690165 120.1903442987479 
467 36.01446181321663 120.1906946777157 
468 36.01463413725676 120.1910345826092 
469 36.01481713974617 120.1913751244672 
470 36.01499476122247 120.1917176642104 
471 36.01513144103237 120.1919811898227 
472 36.01526056393581 120.1922204117279 
473 36.01544990763976 120.1925753406919 
474 36.01558555647845 120.1928312338757 
475 36.01570353710948 120.1930490662499 
476 36.01581863074077 120.1933330977137 
477 36.01588924087967 120.193574680183 
478 36.01599485429935 120.1937333494656 
479 36.01606039523423 120.1938622990701 
480 36.01613522639677 120.1939630900361 
481 36.01626066502845 120.1942371075008 
482 36.01644775792684 120.1945813637602 
483 36.01661898423806 120.1948978950701 
484 36.0168001554187 120.1952267617005 
485 36.01700577901429 120.1956532407581 
486 36.0172322622179 120.1960103566952 
487 36.01737673944621 120.1963411141166 
488 36.01754010384935 120.1966803221291 
489 36.01769879187058 120.1969681051496 
490 36.01784383394089 120.1972385004596 
491 36.01803209431628 120.1976196274586 
492 36.0181957287731 120.1979510565384 
493 36.01840354138525 120.19833305049 
494 36.01856299965974 120.1986268919325 
495 36.0186487259917 120.1985810311307 
496 36.01848706797523 120.1982801317844 
497 36.01829429821915 120.1978866738894 
498 36.01812219550236 120.1975621426967 
499 36.01796430620404 120.1971721555123 
500 36.01781666734877 120.196898898987 
501 36.01768136149984 120.1965845346266 
502 36.01751047072274 120.1962589980009 
503 36.01733790421744 120.1959334658619 
504 36.01715998974096 120.195572371026 
505 36.01690047858538 120.1951585110656 
506 36.01674094136079 120.1948286109912 
507 36.01657519718922 120.1945057990297 
508 36.01642087128213 120.1941392898945 
509 36.01630013155309 120.1938758174468 
510 36.01622499255926 120.1937464742939 
511 36.01615178441335 120.1936157372874 
512 36.01608399878741 120.1934766200243 
513 36.01598638772187 120.1932402893724 
514 36.01584663308466 120.1929637882106 
515 36.01571878783169 120.1927218332702 
516 36.01560219783132 120.1924935653251 
517 36.01542332939775 120.1920930439717 
518 36.01529999556362 120.1918789256933 
519 36.01515581314028 120.1916140938823 
520 36.01498028204198 120.1912732011993 
521 36.01480066715449 120.1909349326131 
522 36.01462817193207 120.1906060547514 
523 36.01444536637476 120.1902477192828 
524 36.01400349984125 120.1894176610319 
525 36.01373211144795 120.1888852292356 
526 36.01347484010093 120.1883907419846 
527 36.00996709164987 120.1909533356624 
528 36.01011038059432 120.1910900461245 
529 36.0097458842703 120.190705083453 
530 36.00950818734686 120.1904490683753 
531 36.00925831091551 120.190193091656 
532 36.00902724728599 120.1899370165469 
533 36.0087467450296 120.1896216798259 
534 36.00843915954588 120.1892698540632 
535 36.00820272926777 120.1890100237324 
536 36.00793286927941 120.1887182188322 
537 36.00788707907173 120.1883908318787 
538 36.00780901473928 120.1881765962652 
539 36.00764648095635 120.1882925478041 
540 36.00770087654922 120.1885315548144 
541 36.0078959911207 120.1887747437693 
542 36.00815237513487 120.1890743289114 
543 36.00838595000654 120.1893341154976 
544 36.00869607591886 120.1896773582165 
545 36.00898645986013 120.1899934080588 
546 36.00921349186137 120.1902516012314 
547 36.00945505902739 120.1905180072697 
548 36.00969840422423 120.1907670858841 
447 36.00988938705265 120.1910801925015 
549 36.01060308923713 120.1916548556592 
550 36.01098043271151 120.1920604426809 
551 36.01133823519242 120.192457959905 
552 36.0116871568305 120.1928409012091 
553 36.01203980749772 120.1932445916418 
554 36.01218276262767 120.193404919204 
555 36.01236731974489 120.1935988028781 
556 36.01251681805066 120.1937642319282 
557 36.01263403769755 120.1939097365605 
558 36.01283427278781 120.1941329066652 
559 36.01310614108753 120.1944176589134 
560 36.01334468200098 120.1946856935954 
561 36.01354540224373 120.194916529449 
562 36.01384117740459 120.1952412208792 
563 36.01409332540655 120.1955179450239 
564 36.01475053358255 120.1962971413528 
565 36.01484070874681 120.1963517144002 
566 36.0149158173505 120.1964206927325 
567 36.01503217937757 120.1965545662114 
568 36.01510773418207 120.1966357294631 
569 36.01519692393212 120.1967455286013 
570 36.01534325296407 120.1968794079256 
571 36.01542731081558 120.1969765941896 
572 36.01564984644892 120.1972178264592 
573 36.01582423694188 120.197414214668 
574 36.01607283919731 120.1977093007811 
575 36.01630393756347 120.1979733309131 
576 36.01661424170435 120.1983228220803 
577 36.01693278211033 120.1986733337444 
578 36.0170058705859 120.1987812734949 
579 36.01721509227011 120.1989880429028 
580 36.01745902658107 120.1992625018392 
581 36.01767239173313 120.199491084271 
582 36.01786655567947 120.1997048342526 
583 36.0179817585414 120.199833365443 
584 36.01793119704517 120.1999315467813 
585 36.01781477129852 120.1998062715567 
586 36.01762173960891 120.1995809102656 
587 36.01740554599634 120.1993393651964 
588 36.01716466877136 120.199073838723 
589 36.01696643140703 120.1988522663517 
590 36.01687257265771 120.1987411374847 
591 36.01657268943934 120.1983918114836 
592 36.01625713722755 120.1980384808932 
593 36.01601728034208 120.1977662056338 
594 36.01578390159674 120.1974747358742 
595 36.01562644546287 120.1972667533159 
596 36.01539424158675 120.1970390228266 
597 36.01531253191235 120.1969427907773 
598 36.01516496622965 120.1968172075536 
599 36.01507696446586 120.1966995230673 
600 36.01500456901267 120.1966160776172 
601 36.01488466191681 120.1964896440592 
602 36.01480169258152 120.1964143989092 
603 36.01472845710903 120.1963711995481 
604 36.01401119453141 120.1956388025416 
605 36.01377180536741 120.1953333380162 
606 36.01350109726769 120.1950133549753 
607 36.01329306440147 120.1947622035716 
608 36.01304977101369 120.1945178499127 
609 36.01277876950869 120.1942391910039 
610 36.01257427257185 120.1939847448763 
611 36.01244419298501 120.1938561269414 
612 36.01229787321454 120.1937013762952 
613 36.01212947385483 120.1934765711126 
614 36.01198387628829 120.1933246813681 
615 36.01163417590522 120.1929094884383 
616 36.01128736596764 120.192534923884 
617 36.01094050656197 120.1921603813055 
618 36.01055196422941 120.1917133321423 
619 36.01277582816352 120.1983813087673 
620 36.0125075564186 120.1986982410037 
621 36.012173048026 120.1991803171878 
622 36.01199335428901 120.1993973768562 
623 36.01169756114561 120.1998744784902 
624 36.01150580593667 120.2001197669321 
625 36.01160032641359 120.2001962396046 
626 36.01177054082731 120.1999929465822 
627 36.01211095156417 120.199508803233 
628 36.01227281489358 120.1992977317285 
629 36.01260372050756 120.1988308269669 
630 36.01287527993272 120.1984928710913 
631 36.01305271045403 120.1993051120724 
632 36.01352502673679 120.1998304020069 
633 36.01393915287255 120.2002882456408 
634 36.01431323961617 120.2006920258878 
635 36.01440819744018 120.2008273222057 
636 36.01449194709261 120.2009035225422 
637 36.01510083027404 120.2015469452172 
638 36.01564986148386 120.2021490484512 
639 36.01621753085097 120.2027481600834 
640 36.01650980257806 120.2022443964422 
641 36.01603070718929 120.2016307101627 
642 36.01547663389753 120.2010212532335 
643 36.01490462122634 120.2003921654456 
644 36.01468637159783 120.2001624718521 
645 36.01428740374243 120.1997627505726 
646 36.01390155843091 120.1993530229856 
647 36.01338123075874 120.1987776251218 
648 36.01329130559987 120.1984756942264 
649 36.01479559314513 120.2046724908414 
650 36.0149510779965 120.2048128392569 
651 36.01528117575634 120.2052127977583 
652 36.01569022076899 120.2056573460512 
653 36.01609408015347 120.2061130621311 
654 36.0165594458864 120.206638236031 
655 36.01674479443118 120.2068482779226 
656 36.01711777321533 120.2072644259634 
657 36.01752947750084 120.207709966029 
658 36.01795962413758 120.2081962174576 
659 36.01838486492133 120.2086572209784 
660 36.01855700929288 120.2088158050598 
661 36.01874097059071 120.208436044691 
662 36.01862848243027 120.208224655983 
663 36.01820518334566 120.2077367492978 
664 36.01780375037355 120.207299161597 
665 36.01738001550492 120.2068447537115 
666 36.01702793069826 120.2064371202563 
667 36.01681224553163 120.2062106918278 
668 36.01637377365387 120.2057166181919 
669 36.01596456908826 120.205251067106 
670 36.01557733301672 120.2048486234041 
671 36.01522585545563 120.2044222707944 
672 36.01524704411654 120.2042211093291 
673 36.01539994913647 120.2040057714346 
674 36.0156593102037 120.2036744828279 
675 36.01596986280451 120.2032444474084 
676 36.01253158278067 120.1978796180337 
678 36.01220366552731 120.1976764407462 
677 36.01235320647831 120.1977996863048 
679 36.01203604267246 120.1974879914472 
680 36.01181511665966 120.1972521468198 
681 36.01159762532592 120.1970016210358 
682 36.01134486601705 120.1967021898915 
683 36.01107409221026 120.1963933826054 
684 36.01220745332239 120.1980695729092 
685 36.01203764614564 120.1979213359076 
686 36.011865605369 120.1977138326867 
687 36.01164591868874 120.1974988706367 
688 36.01140357099296 120.1972301436843 
689 36.01115720193018 120.1969564770912 
690 36.01088133211015 120.196666254498 
691 36.01200367156276 120.1983207849689 
692 36.01187135140131 120.1981920669813 
693 36.01169347820696 120.1980043531065 
694 36.01148740007437 120.1977576938725 
695 36.01123590548028 120.1975199994217 
696 36.01094075371184 120.1971676477283 
697 36.01070215181899 120.1969236659016 
698 36.01026492202942 120.1973662577579 
699 36.01029299964507 120.1975800123584 
700 36.01049828706488 120.1977959721903 
701 36.01085917197643 120.1981834196244 
702 36.01114880742061 120.1985121084626 
703 36.01132697821122 120.1987028139579 
704 36.01159038046188 120.1989905122713 
705 36.01180692088428 120.1992402695236 
706 36.00592284763191 120.1920566662365 
707 36.00643827709643 120.1928206845993 
708 36.00698769484448 120.1933513504336 
709 36.00731173865817 120.1934469984561 
710 36.00801780514504 120.1942282860894 
711 36.00873994682985 120.1950467322387 
712 36.00896870807194 120.1952789569681 
713 36.00946657966051 120.1958531088003 
714 36.00998280098248 120.1964169503926 
715 36.01042226281152 120.1968814577805 
716 36.0105182231607 120.1970864512469 
717 36.01036873027809 120.1970896917901 
718 36.01579003596441 120.1935660538886 
719 36.01585504394458 120.1936916056608 
720 36.01592746176565 120.1938076156283 
721 36.01554996055463 120.1939212300337 
722 36.01565041240262 120.1940104556835 
723 36.01573147895015 120.1940831444404 
724 36.01528402303232 120.194300722041 
725 36.0154059251645 120.1943789046887 
726 36.01550162813277 120.194458286094 
727 36.01501733270115 120.1946937853965 
728 36.01470633384342 120.195110077293 
729 36.01436974059514 120.1955494777553 
730 36.01511503765246 120.1947760512085 
731 36.01519940067802 120.1948702341018 
732 36.01481551214219 120.1951959235175 
733 36.01491063400062 120.1952808377704 
734 36.01448688527658 120.1956488478656 
735 36.01458405722131 120.1957505092161 
736 36.01425258263269 120.1956944913197 
737 36.01416586550774 120.1958290184764 
738 36.01436055114988 120.195812671 
739 36.01445994339942 120.1959397932904 
740 36.01426821530848 120.1959511339963 
741 36.0143703340809 120.1960595351612 
742 36.0138692781938 120.1958197002335 
743 36.0135248468918 120.1962835310837 
744 36.01393881359788 120.1959167608777 
745 36.01358152713357 120.196336575569 
746 36.01397751000515 120.1959668181988 
747 36.01362277809474 120.1963758005486 
748 36.01400647365864 120.1960046482546 
749 36.01366730569386 120.1964270752153 
750 36.01403315759789 120.1960384646148 
751 36.0137182252143 120.1964765535602 
752 36.01406986503554 120.1960797203187 
753 36.01376080997847 120.1965199102097 
754 36.01411490971965 120.1961347645749 
755 36.01380403418526 120.1965667977518 
756 36.01415320902132 120.196180248576 
757 36.01384935793496 120.1966136986765 
758 36.01419388194026 120.1962152976879 
759 36.01389696130262 120.1966484905439 
760 36.01422533857137 120.1962681728124 
761 36.013928118834 120.1966799516287 
762 36.01354209804578 120.1972485952429 
763 36.01350347108097 120.1971918100226 
764 36.01345676534226 120.1971522239958 
765 36.01341026649438 120.1971031132716 
766 36.01336363561656 120.1970603495176 
767 36.01331828815191 120.1970176265636 
768 36.01327438919699 120.1969670109956 
769 36.01323045711289 120.1969179820172 
770 36.01318636100735 120.1968720478931 
771 36.01313858511863 120.1968180554967 
772 36.01300176976823 120.1979929408236 
778 36.01275183744826 120.1977047728352 
779 36.01270418165235 120.1976515879907 
780 36.01266174685639 120.1975985691018 
781 36.01261571949006 120.1975508184786 
773 36.01296204666262 120.1979434210881 
774 36.01291725209783 120.1978873642418 
775 36.01288452806532 120.1978458957105 
776 36.01283968808091 120.197792022915 
777 36.01280089472997 120.1977448982374 
782 36.01245584897105 120.1977636472147 
783 36.01271892552858 120.1980322114908 
784 36.0128849706478 120.1981940340477 
785 36.01271453739765 120.1983273199482 
786 36.01284095645958 120.1984422092426 
787 36.01297091428762 120.1982619220214 
788 36.01303539749078 120.1983171116042 
789 36.01317428448495 120.1984115471776 
790 36.01321297453225 120.1985599468297 
791 36.01308992112239 120.1980305980072 
792 36.01315873140215 120.1980936905675 
793 36.0132235172418 120.1981389289548 
794 36.01327725125743 120.1981735879272 
795 36.01331349547948 120.1981973894931 
796 36.0133686517655 120.1982259171175 
797 36.0134125517255 120.1982495742146 
798 36.01346237647797 120.1982741121224 
799 36.0135803064492 120.1972919681098 
800 36.01362543469393 120.1973348272088 
801 36.01367375146565 120.1973750501362 
802 36.01371443236349 120.1974230288311 
803 36.01376286886233 120.197475602016 
804 36.01380879188812 120.1975196082623 
805 36.01385456437005 120.1975644775179 
806 36.01390017852711 120.1976062252191 
807 36.01394574990697 120.1976449211719 
808 36.01395306643565 120.1967041703222 
809 36.01398653786898 120.1967398384468 
810 36.01402786993879 120.1967837989191 
811 36.01406564644545 120.1968392873567 
812 36.01411097829602 120.1968832428202 
813 36.01415497677886 120.1969343410041 
814 36.0142018154544 120.1969828512982 
815 36.01424141719897 120.1970227644534 
816 36.01428330742316 120.1970653804216 
817 36.01433061024571 120.1971135045607 
818 36.01425066177455 120.1962989925623 
819 36.01428623788292 120.1963350260104 
820 36.01431967078818 120.1963684100861 
821 36.01434967466054 120.1963996745239 
822 36.01438894544236 120.1964408790713 
823 36.01443480851106 120.1964965192919 
824 36.01449461245129 120.1965522905522 
825 36.01453698178891 120.1966122150661 
826 36.014614679267 120.196689510695 
827 36.01442388582811 120.1961159300063 
828 36.01448195338752 120.1961687154796 
829 36.01455360509643 120.1962645753918 
830 36.01463736929161 120.1963404444041 
831 36.014519295042 120.195981585004 
832 36.01459618308231 120.1960372943197 
833 36.0146687974397 120.1960757236253 
834 36.01465307174159 120.1958243759974 
835 36.01472694335892 120.1958851333137 
836 36.01497484484649 120.1953488832569 
837 36.01505289004381 120.1954192469338 
838 36.01526597685451 120.194928317425 
839 36.01533937722176 120.1950010851927 
840 36.01556881940201 120.194535916553 
841 36.01563234784 120.1946174641931 
842 36.01582366791607 120.1941687410707 
843 36.01587099351798 120.1942081449822 
844 36.01591252413369 120.1942535192511 
845 36.01598395125572 120.1939302228667 
846 36.01603393450458 120.1940181985013 
847 36.01610234108854 120.1941910561307 
848 36.0127275342597 120.1870442763091 
849 36.0125506180806 120.1867110364162 
850 36.01230079312634 120.1862367619678 
851 36.012419847251 120.1860996389348 
852 36.01266667437665 120.1864515721421 
853 36.01301331781471 120.1862132886913 
854 36.01335171932193 120.1859190058762 
855 36.01277058756917 120.1857511241621 
856 36.01313196871401 120.1854767971378 
857 36.01199117163119 120.1857214768373 
858 36.01242001625257 120.1853745875187 
859 36.01290241969812 120.1850105238878 
860 36.01266288567056 120.1845406423226 
861 36.0121768821015 120.1848980841195 
862 36.01171874106046 120.1852444374033 
863 36.0118000217165 120.1855691732747 
864 36.01189790003733 120.1857778016796 
865 36.01219804074982 120.186334681394 
866 36.01244504960789 120.1867878395929 
867 36.01267256795953 120.1871781413031 
868 36.0118857195502 120.1855023045674 
869 36.0116507654134 120.1853054625311 
870 36.01130939841865 120.1855958670845 
871 36.01158789739589 120.1861024473799 
872 36.0119430942922 120.1866516210566 
873 36.01229219472644 120.1869096162091 
874 36.01068357518478 120.1863052371751 
875 36.01024260391274 120.1868732036464 
876 36.0099811908367 120.1865925937367 
877 36.01111990266939 120.1868130568876 
878 36.01158697524942 120.1873412761937 
879 36.01201870600315 120.1874373189626 
880 36.01076440780786 120.1874473793442 
881 36.01121755265331 120.1879294795937 
882 36.01128682252667 120.1878343320672 
883 36.01173515905193 120.1883430309045 
884 36.01169295945168 120.1884293096688 
885 36.01178842820091 120.1885606934952 
886 36.01187696081233 120.1886647251385 
887 36.01117139275748 120.1892270391971 
888 36.01066440970519 120.1887955703335 
889 36.01031213672913 120.1883727891842 
890 36.00970284955992 120.1877016247299 
891 36.00914666935837 120.1871044020375 
892 36.00863810209799 120.1877091706634 
893 36.00926126986552 120.1884466206613 
894 36.00985625746457 120.1891457596657 
895 36.01026316360044 120.1895666472296 
896 36.01105586677964 120.1891955724688 
897 36.0106692111824 120.1897887043907 
898 36.01036260754782 120.1907099659991 
899 36.0102565028876 120.1906147439505 
900 36.01016282439767 120.1905412144396 
901 36.01059704578082 120.1899696486362 
902 36.01048596175944 120.1899235748078 
903 36.01010243442396 120.1904481158904 
904 36.00997208123813 120.1903423816159 
905 36.00974758896085 120.1901026317092 
906 36.00949005344247 120.1898100740281 
907 36.00926959011336 120.1895655018597 
908 36.00900842312944 120.1892780041548 
909 36.00868733780298 120.1889218273977 
910 36.00845436774631 120.1886608147753 
911 36.00809243389141 120.1882609523699 
912 36.00806198363553 120.1884494726044 
913 36.00841966385818 120.1887248678004 
914 36.00865437511472 120.1889794381525 
915 36.00898055889299 120.1893380546858 
916 36.00923379581656 120.189632021235 
917 36.00945443367497 120.1898750107588 
918 36.00971068644185 120.1901648331166 
919 36.00995210667348 120.1903852400987 
920 36.01008263453954 120.1904913981006 
921 36.01015217047447 120.1905729132653 
922 36.01022933437233 120.190652133934 
923 36.01032941279185 120.19077157762 
924 36.00929216112116 120.1913649943138 
925 36.00887594303962 120.1908894364192 
926 36.00846918318206 120.190505312225 
927 36.00794285130879 120.1899663950547 
928 36.00742170800433 120.1893668720097 
929 36.00890885155646 120.1921755115936 
930 36.00852108731619 120.1917553463335 
931 36.00800962375724 120.1911882399855 
932 36.00748552574203 120.1905882386311 
933 36.00720474798987 120.1902834831177 
934 36.0068185924407 120.1899099413946 
935 36.00641067075948 120.189563572452 
936 36.00609784921975 120.1898305431799 
937 36.00636602902487 120.1902858022543 
938 36.00672495132356 120.1906026717302 
939 36.00716282227019 120.1903840098942 
940 36.00744662790225 120.1906577561707 
941 36.00796519793019 120.1912627341489 
942 36.00848540486712 120.1918219862151 
943 36.00885381128926 120.1923077015692 
944 36.01013183498331 120.1923637233299 
945 36.01056912795758 120.192887804623 
946 36.0110401401189 120.193382126199 
947 36.01147468356696 120.1938883543954 
948 36.01095433000203 120.1947528314741 
949 36.01048583365052 120.1943023889329 
950 36.01005115708074 120.1937907505158 
951 36.00944276306369 120.1931768814736 
952 36.00896538497643 120.1926477989765 
953 36.00882141608469 120.1925409281784 
954 36.01210874696499 120.1928529812834 
955 36.01186111315072 120.1925773866261 
956 36.01152361718766 120.1921955944883 
957 36.01115154461383 120.1918235862853 
958 36.01076272367229 120.1913979220966 
959 36.01044294528145 120.1910574432963 
960 36.01057366778666 120.1908885447971 
961 36.0109539070577 120.190358057084 
962 36.01110602993158 120.1908567040314 
963 36.01154653658911 120.1912387403848 
964 36.01186864177074 120.1916141571317 
965 36.01221652904692 120.1919689070428 
966 36.01245867799189 120.1922357550332 
967 36.01262955124938 120.1919749662077 
968 36.01238770698387 120.1917224539637 
969 36.01204334366345 120.1913377467658 
970 36.01173316594547 120.1909936148086 
971 36.01130882481268 120.1905206346246 
973 36.01115205048084 120.1900806680485 
972 36.01109101005216 120.1901847324434 
974 36.01150571081816 120.1895177160587 
975 36.0121898892283 120.190131390978 
976 36.01280813925545 120.1908018357282 
977 36.01313479436713 120.1911356384582 
978 36.01250521597562 120.1942133004734 
979 36.01224203027297 120.1945877696889 
980 36.01208682697153 120.1947498090858 
981 36.01194759098527 120.1945171866072 
982 36.01169316305229 120.1952772765905 
983 36.0113578208671 120.1957717841775 
984 36.01116387352117 120.1955350941167 
985 36.01175310228471 120.1961742033736 
986 36.01218858643432 120.1966383930311 
987 36.01253154390906 120.1970411987316 
988 36.012869082465 120.1965047010108 
989 36.01322537229703 120.1960062280056 
990 36.01360683052675 120.1956026298198 
991 36.01334706328988 120.1952721129519 
992 36.01312347642424 120.1950366976679 
993 36.01287785177237 120.1947430271415 
994 36.01284281448578 120.1956091690777 
995 36.0124855177252 120.1951661805613 
996 36.01228298162231 120.1949239558068 
997 36.01242231273795 120.1946992487807 
998 36.01262423544544 120.1943213995997 
999 36.01442953519302 120.1908955144856 
1000 36.01416592937662 120.1912330077894 
1001 36.01398247721618 120.1910664558783 
1002 36.01350094269716 120.1905695368731 
1003 36.0131867868652 120.1901871467837 
1004 36.01265251954048 120.1895578373881 
1005 36.0130084030202 120.1890823996523 
1006 36.01333230859687 120.1894509468105 
1007 36.01356175533024 120.1916477396249 
1008 36.01310294024024 120.1921895664822 
1009 36.01281287153991 120.1925535354212 
1010 36.01242031060749 120.1930700784203 
1011 36.01220556204881 120.1931969691917 
1012 36.01268598462605 120.1932936885946 
1013 36.01303977641219 120.1927730297762 
1014 36.01333645874565 120.1924425601951 
1015 36.01383224047461 120.193027757071 
1016 36.01429889382405 120.1935313890587 
1017 36.01404603494579 120.1940285309173 
1018 36.0137470368625 120.1944117920555 
1019 36.01357489569802 120.1946647924606 
1020 36.01407734282001 120.1947466917048 
1021 36.01434141509242 120.1949799832288 
1022 36.01458201264151 120.1945598908717 
1023 36.01434923513621 120.194315282887 
1024 36.015010093606 120.1939643647349 
1025 36.01476594946169 120.1936656936486 
1026 36.01448605928742 120.1933538118279 
1027 36.01547777705418 120.193389764874 
1028 36.01524113488896 120.1930173102759 
1029 36.01507373076048 120.192571153353 
1030 36.01473766482194 120.1929044929266 
1031 36.01428981674296 120.192428332091 
1032 36.01387665530473 120.1919031909071 
1033 36.01428626703685 120.1913601074704 
1034 36.0148568684485 120.1921566449335 
1035 36.0145622415377 120.1917805598819 
1036 36.0145097857588 120.1910423864919 
1037 36.01778521539665 120.1974468728188 
1038 36.01757094966162 120.1971232768007 
1039 36.01737861087153 120.1968626551588 
1040 36.0170977345626 120.1965464180334 
1041 36.01676254069985 120.196173625658 
1042 36.01646037669426 120.1958524224006 
1043 36.0162059943798 120.1955765564512 
1044 36.01641303093549 120.195240729766 
1045 36.01621845572689 120.1949564801008 
1046 36.01598245864012 120.194685116367 
1047 36.01584680580354 120.1948057159867 
1048 36.01573172773342 120.1950486373143 
1049 36.01599945381879 120.1953150778278 
1050 36.01559431273249 120.1952341451244 
1051 36.01549363958676 120.1953882984995 
1052 36.01530138902933 120.195632038838 
1053 36.01600326879864 120.1959409291298 
1054 36.01649129477096 120.196472561674 
1055 36.01577270327557 120.1962736899434 
1056 36.01622527977769 120.1968460473661 
1057 36.01691997677429 120.197016718935 
1058 36.01731266039595 120.1974241581792 
1059 36.01748940803363 120.1975897792127 
1060 36.01671211575575 120.1973305845218 
1061 36.01710772402678 120.197757690972 
1062 36.01729723040102 120.1979356395904 
1063 36.01604787626849 120.1971742610399 
1064 36.01627343221237 120.1974134519832 
1065 36.01653316674274 120.1976838872965 
1066 36.01682877998925 120.1980105931181 
1067 36.01709527483479 120.1983120613159 
1068 36.0176079460355 120.1976899250373 
1069 36.01740441707754 120.1980073293352 
1070 36.01717842638011 120.1983829367794 
1071 36.01716641727941 120.1985754014162 
1072 36.01735881201987 120.198765697219 
1073 36.01762938061547 120.1990383884069 
1074 36.01784859203362 120.1992739025689 
1075 36.01802109200755 120.1994470011361 
1076 36.01812664077067 120.1995397473511 
1077 36.01831959637624 120.1992312044169 
1078 36.01807052196528 120.1989318081041 
1079 36.01780892936549 120.1986430821014 
1080 36.01757511032653 120.1982648384301 
1081 36.01756966360597 120.1981101165515 
1082 36.01775933671754 120.1978199645859 
1083 36.01790817095979 120.1976274497617 
1084 36.01851486006265 120.1989696265958 
1085 36.01842232087738 120.1988272563681 
1086 36.01825358765461 120.1986456364004 
1087 36.01800281309812 120.1983519708332 
1088 36.01782131397492 120.1981134279832 
1089 36.01788290051879 120.1978708317572 
1090 36.01794386811599 120.1976847271719 
1091 36.01397541052308 120.189291189607 
1092 36.01436389653069 120.1889845559943 
1093 36.01461492676349 120.1887667401714 
1094 36.0148954069239 120.1892665603697 
1095 36.01508279002536 120.1896497823774 
1096 36.01536432446335 120.1894546163059 
1097 36.0156158568678 120.189250132261 
1098 36.01587347990126 120.1890194277292 
1099 36.015593815563 120.188524548844 
1100 36.01536585012281 120.1880611145801 
1101 36.01532760968922 120.1887136546242 
1102 36.01512164207788 120.1882669362647 
1103 36.01483260066748 120.1884198389618 
1104 36.01452124341301 120.1885671515135 
1105 36.0142522495581 120.1887649184915 
1106 36.01387979211918 120.1890737837542 
1107 36.01390468976798 120.1888794352613 
1108 36.01420989112552 120.188646741847 
1109 36.01444460373257 120.1884291685211 
1110 36.01477342828002 120.1881944494526 
1111 36.01415347267826 120.1885205120186 
1112 36.01390499464359 120.1881497771971 
1113 36.01365337348022 120.1876964130728 
1114 36.01343190971696 120.1872077366425 
1115 36.01368086357389 120.1869458581167 
1116 36.01395974157097 120.1875351014989 
1117 36.01423051617176 120.1880074774636 
1118 36.01458714931581 120.1877963272668 
1119 36.01435234862241 120.1873448526132 
1120 36.01413683731749 120.1869213271112 
1121 36.01395780191059 120.1864781538021 
1122 36.01415867632981 120.1862056805684 
1123 36.01429768361959 120.1863674170192 
1124 36.01438942655134 120.1866922902537 
1125 36.01466931844218 120.1871478409516 
1126 36.01487747346768 120.1876220503018 
1127 36.01507641259035 120.1879937386027 
1128 36.01430845620411 120.1859881874269 
1129 36.01455929152884 120.1857494370507 
1130 36.01478723797133 120.185584813309 
1131 36.01490560168014 120.1858564533457 
1132 36.01471032030641 120.1860230292188 
1133 36.01445838180533 120.1862267753677 
1134 36.01473781789441 120.1864560381088 
1135 36.01501449527319 120.1869653115221 
1136 36.01522556823182 120.1873724118494 
1137 36.01536281105854 120.1876271089033 
1139 36.01806724677972 120.1973770125338 
1138 36.01798040847468 120.1975265106546 
1140 36.01818618982188 120.1971462633257 
1141 36.0185818809877 120.1968236001343 
1142 36.01901039693276 120.1964907386174 
1143 36.0192330340269 120.1970287678013 
1144 36.01890344074332 120.197274529986 
1145 36.0188347564176 120.1971334573934 
1146 36.01934359530198 120.1962948218427 
1147 36.01942261949844 120.196419253173 
1148 36.01954348861904 120.1967962825073 
1149 36.0195848129766 120.1963413492491 
1150 36.01974973584259 120.1966653587012 
1151 36.02002226468294 120.1970933625022 
1152 36.02021828134385 120.1974330258439 
1153 36.02036613071222 120.1972916877718 
1154 36.02023192611667 120.1969497113129 
1155 36.0200582295471 120.1964700784145 
1156 36.01989341866825 120.1961006423553 
1157 36.01959399865395 120.1954765131865 
1158 36.01682957378305 120.1989406258195 
1159 36.01655147307851 120.1993884087299 
1160 36.01596136635324 120.2001958140386 
1161 36.01700641969155 120.1992195109096 
1162 36.01673633193608 120.1995764829495 
1163 36.0161597443775 120.200391549211 
1164 36.01625467247111 120.2005508186267 
1165 36.01665204546219 120.2009669769336 
1166 36.01609514063558 120.2007767854255 
1167 36.01651942988349 120.201240815405 
1168 36.01690438324082 120.2017197752746 
1169 36.01678898555362 120.201881485991 
1170 36.01639554935413 120.2014774947052 
1171 36.01620640025697 120.2018103950108 
1171 36.01617370876845 120.2012782498311 
1172 36.01593545773007 120.201021953399 
1172 36.01633848672152 120.2010239679384 
1173 36.01649198013725 120.2007697283637 
1174 36.01598719731395 120.2009421386074 
1175 36.01571453494847 120.2006596300593 
1176 36.01512377855946 120.2000433636265 
1177 36.01581999771886 120.2004697892584 
1178 36.01527285583826 120.1998797180244 
1179 36.01550039173532 120.1996755774368 
1180 36.0158994266418 120.1989861232628 
1181 36.01521978618807 120.198241196476 
1182 36.01461204734882 120.1976218720736 
1183 36.01447467626205 120.1974478624349 
1184 36.01492043951903 120.1998329913983 
1185 36.01454408528027 120.1994056835679 
1186 36.01415580565342 120.1989718101118 
1187 36.01377066859877 120.1985578006609 
1188 36.01455399728632 120.1993563305402 
1189 36.01490956731122 120.198911130095 
1190 36.01448238339719 120.1984339895623 
1191 36.01410124406127 120.1980417797734 
1192 36.0136435730383 120.1983990756296 
1193 36.01481046437475 120.1969613707638 
1194 36.01911127555105 120.1995820210987 
1195 36.01957155513934 120.200123647965 
1196 36.01924303922581 120.2006392173162 
1197 36.01897920579145 120.2004067683842 
1198 36.01903116843245 120.2009461785657 
1199 36.01878309409326 120.2007305816726 
1200 36.01873120271954 120.2001948942854 
1201 36.01852995006846 120.2004899109314 
1202 36.01836264283897 120.2007574316223 
1203 36.01865561483478 120.2010070162002 
1204 36.01888504207962 120.2012033801465 
1205 36.01877504249781 120.2016212447806 
1206 36.01837445083486 120.2008217705106 
1207 36.0183966773325 120.2013556462447 
1208 36.01821244149627 120.2017397634527 
1209 36.01874474659552 120.2022336062236 
1210 36.0186976317034 120.2029517833915 
1211 36.01863645598293 120.2034544916396 
1212 36.01861003592167 120.2039104711507 
1213 36.01860192384205 120.2042100347117 
1214 36.0185798495651 120.2045796500964 
1215 36.01851727813673 120.2052333513787 
1216 36.01842306448859 120.206302158902 
1217 36.01834900961925 120.2073951135941 
1218 36.0188040260368 120.2079289868381 
1219 36.01900116076899 120.2081395707313 
1220 36.01911087891338 120.2083665358441 
1221 36.01910356466473 120.2088477703918 
1222 36.01908279241636 120.2092323279613 
1223 36.01901059010748 120.2098940594576 
1224 36.01914108830231 120.2099170928668 
1225 36.01922720922783 120.2092579463545 
1226 36.01935290094337 120.2092585144241 
1227 36.01942213451389 120.2088796288157 
1228 36.01947602315975 120.2084102337629 
1229 36.01920677160352 120.2080946830272 
1230 36.01951106525605 120.2081265163287 
1231 36.01965127674684 120.2066067961627 
1232 36.019771869976 120.2054143565415 
1233 36.01987902074622 120.2043764370274 
1234 36.02000450587008 120.2031384838374 
1235 36.02010723982952 120.2020752218725 
1236 36.02017946123458 120.201081944671 
1237 36.02027463872525 120.2002780010126 
1238 36.02030887260894 120.1998028129131 
1239 36.01989790462224 120.1997463725983 
1240 36.0197075889612 120.1999401703538 
1241 36.01922455975431 120.1994403619457 
1242 36.02009599928529 120.199230036936 
1243 36.01987888425371 120.2003572169336 
1244 36.01978646435806 120.2010351367798 
1245 36.01973291212833 120.2020185009894 
1246 36.01964591414188 120.2030812805795 
1247 36.01952331276448 120.2043174912922 
1248 36.01943946327636 120.2053577720843 
1249 36.01934700439836 120.2065568688703 
1250 36.01716277504866 120.2012157276949 
1251 36.01726419157013 120.2013343860843 
1252 36.01731906233375 120.20163249226 
1254 36.01735217418763 120.2020204350528 
1253 36.01740855536746 120.2018223171885 
1255 36.01708531517238 120.2023560565113 
1256 36.0167841690583 120.2026884645141 
1257 36.01645869772526 120.2030460852154 
1258 36.0161199188715 120.2033862955424 
1259 36.01582416846539 120.2037943228582 
1260 36.01560010293634 120.2041516363865 
1261 36.01589596868831 120.2044665541091 
1262 36.01628665425501 120.2048765125355 
1263 36.01667150667509 120.205308385512 
1264 36.01689065588222 120.2055100793562 
1265 36.01616597263435 120.2041472986218 
1266 36.01651821752902 120.2045471108596 
1267 36.01689016229265 120.2049595188887 
1268 36.01714184207366 120.2052105842235 
1269 36.01643348227162 120.2037295239702 
1270 36.01686007633516 120.2041675522774 
1271 36.01715352556099 120.2045173713207 
1272 36.01738964139163 120.2047899542799 
1273 36.01681005914796 120.2034011892378 
1274 36.01714664580783 120.2037384394313 
1275 36.0170911919742 120.2030510989495 
1276 36.01739557850305 120.2033754230299 
1277 36.01740001995752 120.2027217027218 
1278 36.01766447543988 120.203022158923 
1279 36.01760922404917 120.2023691545692 
1280 36.0178946450396 120.2027035954779 
1281 36.01741355025492 120.2054883094377 
1282 36.01718372274265 120.2058130698002 
1283 36.01699820364439 120.2059954464126 
1284 36.0176585228258 120.2051188026476 
1285 36.01777136933 120.2059011179264 
1286 36.01753165184618 120.2063333534261 
1287 36.01778225245624 120.2066182042397 
1288 36.01799139218461 120.2067648137914 
1289 36.01810133514412 120.2066153699035 
1290 36.01787714210477 120.2058185197146 
1291 36.01813585325704 120.2061090625884 
1292 36.01821349070133 120.2051599824548 
1293 36.017937024362 120.2047144106245 
1294 36.0176608910817 120.204382464553 
1295 36.01744619756351 120.2040854999858 
1296 36.01728505842314 120.2038482894043 
1297 36.01753318709183 120.2035236597136 
1298 36.01771727456102 120.2037323023047 
1299 36.01791655769028 120.2039471050766 
1300 36.01831224127614 120.2043673971975 
1301 36.01779925464248 120.2031662199252 
1302 36.0179774278883 120.2033436319932 
1203 36.01816702954203 120.2035823751815 
1304 36.01838615383794 120.2038411649604 
1305 36.01801865319865 120.2028406272676 
1306 36.0181997881714 120.2030164327541 
1307 36.0184136714456 120.2032163322838 
1308 36.01843436590723 120.2027925465859 
1309 36.01819824049339 120.2025516404533 
1310 36.01808428525584 120.2023642563259 
1311 36.01784079287256 120.2020517057572 
1312 36.01759503378732 120.2017700972158 
1313 36.01753409884191 120.2015807232714 
1314 36.01743987691579 120.2013825777091 
1315 36.01706907276422 120.2009595575222 
1316 36.01737655177596 120.2005190456201 
1317 36.01754407123474 120.2003221784026 
1318 36.01766556068377 120.20010300429 
1319 36.01744385071739 120.1998309742188 
1320 36.01721235090727 120.199561743859 
1321 36.016920324232 120.1999861835754 
1322 36.01715869769468 120.2002628693719 
1323 36.01660319960081 120.2003966620695 
1324 36.01685625213432 120.2006779659666 
1325 36.01730674774913 120.1952713003352 
1326 36.0175310252465 120.1950930259876 
1327 36.01798963052171 120.194732396584 
1328 36.0182678936501 120.1945666959514 
1329 36.01858542283133 120.1951466311653 
1330 36.01879403755972 120.1949686180757 
1331 36.0185455907617 120.1944084787637 
1332 36.01842372172972 120.1941756348542 
1333 36.01878532569802 120.1938987018245 
1334 36.01902763951013 120.1942922831944 
1334 36.0184479222109 120.1931830665261 
1335 36.01817184127462 120.1926311464558 
1336 36.01788577286618 120.1921378002728 
1337 36.01752862763264 120.19145138721 
1338 36.01717137301997 120.1907296780008 
1339 36.01692010668695 120.1902826055993 
1340 36.01806956183072 120.193484256344 
1341 36.017768316213 120.1928797880675 
1342 36.01752574654053 120.192439905816 
1343 36.01714034131536 120.1916961757193 
1344 36.01675673778244 120.190951082393 
1345 36.01655413163198 120.1905311335556 
1346 36.01624172791479 120.1899382373184 
1347 36.01590959950091 120.1892834007542 
1348 36.01572029664368 120.189385303952 
1349 36.0155638285864 120.1895744464003 
1350 36.0159039349005 120.1901462280832 
1351 36.01622837019837 120.1907654069457 
1352 36.01642753581851 120.1911507367101 
1353 36.01683854257835 120.1918974445976 
1354 36.01726854628048 120.1927348339082 
1355 36.01747820695454 120.1931420040771 
1356 36.01765186671436 120.1935108527872 
1357 36.01779294625274 120.1937489778109 
1358 36.01809857922658 120.1943330896685 
1359 36.01788401009944 120.1945646203623 
1360 36.01773526987597 120.1946480504856 
1361 36.01785150349222 120.1948476040639 
1362 36.01743448140085 120.1949179718785 
1363 36.01720928272422 120.1950988796726 
1364 36.01697614468209 120.1952256969868 
1365 36.01756179644583 120.1941877360048 
1366 36.01734997156214 120.1937448994762 
1367 36.01743736318811 120.1936613023384 
1368 36.0172603372495 120.1932856798879 
1369 36.01707281895233 120.1929542429713 
1370 36.01659944686382 120.1920752885826 
1371 36.01623404667257 120.1912865206664 
1372 36.01609262620783 120.1913639303402 
1373 36.0159173001133 120.1909453120792 
1374 36.01555575634102 120.1903039455276 
1375 36.0152587567777 120.1898096322659 
1376 36.0149577706652 120.1900206248227 
1377 36.01466399099105 120.1902781166628 
1378 36.01456430447777 120.1904467586371 
1379 36.01439864618731 120.1905450071872 
1380 36.01518988995809 120.1904913431499 
1381 36.01556872499325 120.1911707200802 
1382 36.01577926570778 120.1916154901217 
1383 36.01500176992922 120.1907542494409 
1384 36.01518963698397 120.1911425811109 
1385 36.01537764998629 120.1914957788497 
1386 36.01553150042455 120.1917969568659 
1387 36.01594853827498 120.1915299260461 
1388 36.01633135537342 120.1922678585792 
1389 36.0168202968416 120.1931573652949 
1390 36.01702470949895 120.1934455722099 
1391 36.01720936381271 120.1938205426182 
1392 36.01699093122951 120.1940237752114 
1393 36.01719898179364 120.1944273373444 
1394 36.01737084884324 120.1947408520606 
1395 36.01717069557274 120.1950116788779 
1396 36.01707797012129 120.1954069121696 
1397 36.01693507516361 120.1954698162344 
1398 36.01681694099194 120.1936529784722 
1399 36.01665403153071 120.1933080220281 
1400 36.01645936616625 120.1934752828117 
1401 36.01660792678873 120.1937861488432 
1402 36.01677852550396 120.1941472469131 
1403 36.01633149415124 120.1932264635438 
1404 36.01614798336853 120.1928449479307 
1405 36.01594031520695 120.1924623744543 
1406 36.01574778693703 120.1921098521616 
